0.08667901 0.19355392 0.44491586 0.85107327 1.4578401 2.472982 3.6028214 4.889298 7.1567497 7.9678483
0.0595855 0.08339961 0.22768536 0.44822508 0.79509175 1.5687176 2.233323 3.3813217 5.112608 6.2495055
-0.02204688 -0.0070686783 -0.027885307 -0.01797095 -0.0067978734 0.1199144 0.24482374 0.4914821 0.986495 1.3789964
-0.01718212 -0.015514129 -0.01468615 0.0061725685 0.12664162 0.340386 0.8314907 1.7484 3.3755043 4.4777827
0.0058905543 0.016145907 0.052535284 0.16459675 0.3239396 0.7215163 1.1255063 1.4110814 1.9732322 2.13984
-0.0041751508 0.00819635 0.07605449 0.21805018 0.46413627 1.0049303 1.3137141 1.8157743 2.161024 2.3808253
0.011090136 0.017940385 0.031993423 0.08144683 0.16851243 0.33349112 0.5767795 1.2477357 2.042308 3.1529493
0.019837992 0.026432166 0.03928987 0.09465171 0.18626374 0.3158533 0.55308926 1.2361339 2.0613492 2.9869516
-0.010870772 -0.005979741 0.0025134152 0.009875198 0.0264106 0.15568869 0.27599624 0.4628091 0.65628254 0.8008411
-0.012080577 -0.0037914475 0.01625846 0.044982027 0.08676108 0.27507445 0.6151504 1.073894 2.8076181 4.9962
0.031157047 0.03803931 0.084231 0.19292817 0.42279318 0.84974545 1.428031 1.8682814 2.572841 2.9731293
-0.044409566 -0.02875834 0.040711686 0.12997149 0.26620534 0.48257145 0.87017715 1.451042 2.3997545 3.0184848
0.058378395 0.12361494 0.24141237 0.6220382 1.1897908 2.5480306 4.0119247 5.702096 7.8924193 9.356076
-0.008401376 0.027013455 0.055929586 0.13290559 0.20556477 0.42851442 0.7539877 1.1923501 2.4310002 4.2913904
0.011618166 0.017878797 0.041071247 0.07852453 0.14532866 0.32898644 0.6632525 1.0653287 2.2572122 4.1449437
-0.0051291357 0.0032878474 0.011462817 0.070602715 0.22057968 0.63038486 1.1157087 1.5727063 1.9761631 2.3291981
0.00996797 0.030448655 0.16282138 0.40056592 0.8407607 1.7047006 2.683275 3.888722 5.004469 5.5625033
-0.011473051 -0.0054429066 0.028973626 0.11056828 0.25239164 0.60962784 1.2074482 2.3051646 3.8999453 5.627092
-0.028149951 -0.010707592 0.026238874 0.050599024 0.07402802 0.056482747 0.21306272 0.55588335 1.4146668 2.9557786
0.015202213 0.18982796 0.5263977 0.9240269 1.3355273 2.1101472 2.2909105 2.923542 3.181589 3.6127846
0.01395028 0.055125676 0.21215202 0.49740803 0.93919194 1.8344831 3.0939014 4.3793206 6.597008 8.004867
-0.046830006 -0.041265804 -0.036027312 -0.0122673195 0.052740548 0.14677417 0.31561738 0.495329 0.6677857 0.80541366
0.007994198 0.023235483 0.015351609 0.0663159 0.24925235 0.7086385 1.4086554 2.5436327 4.1846375 5.8021746
-0.048370935 -0.0031795704 0.09039581 0.13249835 0.23290738 0.6255716 1.1652573 1.5173919 1.9540676 2.2700114
2.0080154 2.255216 2.4493523 2.479282 2.600708 2.5945454 2.6501637 2.5908625 2.8050842 2.7146962
0.060202796 0.0678138 0.196463 0.44499356 0.8182593 1.4623516 2.023193 2.683952 3.5327842 3.8485653
0.022400074 0.054649185 0.20084243 0.38919765 0.7784528 1.5262358 2.4521983 3.3296826 4.009937 4.3493066
-0.03621474 -0.029743532 -0.015078359 0.022659602 0.05507479 0.14967328 0.21756482 0.52199507 1.5587953 2.4191427
-0.033508144 -0.0289676 -0.017766412 -0.001786177 0.028818779 0.112040825 0.25253275 0.56327873 1.4504385 2.2574923
0.021012295 0.02427436 0.060637057 0.08152022 0.10718523 0.19757758 0.23141725 0.5971608 1.095955 1.9132563
-0.0057942285 -0.0017900423 0.038623292 0.066389054 0.12269403 0.20372146 0.21190533 0.59725803 1.4064593 2.6451116
-0.01543029 -0.0069941655 0.01139788 0.034762762 0.0664743 0.15614754 0.23397048 0.5694269 1.4285024 2.2992861
-0.0056353128 0.0010710468 0.0110186385 0.034707937 0.055994034 0.15654649 0.19630243 0.48857778 1.350041 2.2822058
-0.04899629 -0.04945351 -0.020177662 0.008156678 0.023322498 0.09920856 0.1518051 0.49983424 1.2039291 2.209194
0.0074488907 0.011453069 0.04939792 0.08624709 0.15190004 0.21974595 0.20135811 0.5967081 1.3513544 2.5600085
-0.02148686 -0.013886157 -0.006291907 0.03380641 0.07939241 0.19932556 0.37155533 0.82541114 1.9772412 3.2056806
-0.009663256 -0.0015124925 0.010696325 0.063520774 0.1357081 0.3097613 0.47931135 0.9550177 2.0986085 3.3534443
-0.0038119187 -0.00089271175 0.015938004 0.07799044 0.17600091 0.34820655 0.4956257 0.75493425 1.1147002 1.2138435
-0.021811467 0.012155728 0.11045144 0.2652688 0.5590637 1.1197578 1.377187 1.6172962 1.7415928 1.7939085
-0.00906739 0.029210228 0.13870795 0.32492545 0.5955975 1.0694916 1.2929788 1.8100817 2.0959377 2.1998136
0.031608082 0.03729016 0.05418487 0.07666802 0.09166423 0.18336946 0.32435778 0.61179775 1.118251 2.2758374
-0.042347394 -0.034009412 -0.034205087 -0.017218253 0.029738927 0.16675991 0.47040734 0.9572462 1.5979947 2.28013
0.063742675 0.07725488 0.10037087 0.13324313 0.21025708 0.4930909 0.9505419 1.6634277 3.056255 5.094043
0.06119984 0.15037003 0.34131095 0.64802855 1.0835412 1.5414883 1.7484133 1.9623303 2.174664 2.22688
9.289311e-05 0.008945759 0.035603505 0.106567875 0.24177131 0.5644523 0.8685182 1.2903985 1.5228066 1.8006588
0.04196373 0.05841606 0.09104233 0.16704091 0.2634374 0.5401753 1.1852062 1.9976187 3.5164833 6.042618
-0.055040855 -0.046773225 -0.026999164 0.026500084 0.09597285 0.19755879 0.29778737 0.67305404 1.2741808 1.9046255
-0.0084761325 -0.0026814654 0.00057822745 0.028163034 0.12612396 0.36535317 0.6737882 1.1077824 1.9399288 2.5857558
-0.017149534 -0.005043443 0.013470161 0.05745175 0.14557631 0.3351417 0.63242054 1.2359595 2.414175 4.4182615
-0.1786915 -0.22229654 -0.33977574 -0.34699252 -0.3337386 -0.23559348 -0.127043 0.010014599 0.47198772 0.73310244
0.06741464 0.07387106 0.07269631 0.09272553 0.17144854 0.25670353 0.5305744 0.7270633 0.9793717 1.2475086
0.08962216 0.12933423 0.2586469 0.4246748 0.8033479 1.5420039 2.479401 3.8352697 5.361289 7.2786994
0.049074 0.0800264 0.20268768 0.36709896 0.61618024 0.9765262 1.1709276 1.6590354 1.8723655 1.9936849
-0.04482742 -0.027792066 -0.05536856 0.0093934955 0.11375129 0.42415324 0.85998595 1.4559999 2.0512974 2.7095695
-0.006835148 0.003281582 0.019286688 0.06676398 0.12957942 0.23946245 0.27557284 0.65727055 1.3665133 2.8649719
-0.015181717 -0.0050649494 0.009698417 0.0503899 0.1158718 0.22555056 0.29359648 0.67806095 1.413112 2.8390715
-0.010827617 -0.00047784107 0.020792425 0.074955076 0.20483506 0.56918347 0.82641566 1.5927197 2.9958186 4.935586
0.007594948 0.01857988 0.039527327 0.09557128 0.19392022 0.5779733 0.79658824 1.5829481 2.703122 4.8409963
-0.002440115 0.0077695656 0.030204525 0.07658264 0.17520526 0.37787065 0.58364797 1.153211 2.3368304 4.322348
0.0320319 0.04296403 0.063911535 0.11988524 0.22010715 0.5176789 0.7596894 1.444513 2.944621 4.9513636
1.5685661 1.7747728 1.902363 2.065091 2.2331564 2.4336948 2.6720312 3.0893695 3.471146 3.6534677
0.22019337 0.20951983 0.16142814 0.20281461 0.29447496 0.5453297 0.81731886 1.0557356 1.4052641 1.6714065
0.06651705 0.08959674 0.23855416 0.4215629 0.7284921 1.3238117 1.867781 2.9135442 4.407797 5.5689917
0.012945743 0.020577246 0.038757335 0.076667994 0.1435467 0.3389327 0.6718767 1.2729326 2.8059294 4.215733
0.123905115 0.12665166 0.122447886 0.19981912 0.3151595 0.69239664 1.3880221 2.1973665 3.5372872 4.7559285
2.225996 2.4180307 2.49729 2.6276193 2.7836413 2.795594 2.7975435 2.9319816 3.2422457 3.1888845
2.217701 2.4097357 2.4889948 2.6193242 2.7753463 2.787299 2.7892485 2.9236865 3.2339506 3.1805894
0.089892656 0.099436216 0.2581778 0.50186557 0.8365581 1.4723729 2.1958914 3.1833172 4.302329 4.679738
0.15578967 0.23593383 0.39432493 0.69224083 1.060175 1.4061621 1.5826684 1.8298907 1.9147363 1.9321451
-0.023746151 -0.018092398 0.0070206667 0.09742638 0.22081771 0.6129178 0.9609968 1.4225178 2.1871982 2.6622136
0.044102423 0.050325308 0.061192997 0.12718488 0.3078228 0.51357484 0.78955686 1.1630387 1.4336389 1.510108
0.04540144 0.07771327 0.14000861 0.37266847 0.6717207 1.3281478 1.7353297 2.165702 2.4525516 2.4339104
0.010615073 0.02134571 0.04402257 0.08211151 0.09928631 0.19762927 0.3239827 0.72294116 2.0386026 4.04991
-0.048120618 -0.039326206 -0.025871284 0.0048261187 0.065863036 0.09397862 0.21191578 0.69003624 2.0116353 3.9309497
-0.010966252 -0.00023561678 0.014425454 0.046898544 0.07321464 0.18375842 0.33447435 0.9389047 2.1045313 4.304807
0.0048413593 0.016597155 0.039273612 0.07211703 0.11907215 0.20786917 0.39858326 0.91201144 2.251812 4.1886163
0.09309803 0.21047108 0.40945253 0.7310561 1.2247345 2.0733 2.7247517 3.0451393 3.6337168 3.848462
0.07564444 0.122672446 0.26596236 0.45596528 0.88182664 1.6459662 2.6039739 3.9087818 5.0951915 5.748223
0.15054996 0.2682635 0.66410834 0.87161344 1.1855043 1.7249228 1.9726752 2.823937 3.7619097 3.9853024
0.2810276 0.6025379 1.1595961 1.465293 1.6088587 1.8244666 1.9369017 2.1223521 2.0773826 2.3543627
0.3978322 0.5976546 1.1344581 1.6121486 2.0352204 2.7480047 3.0370364 4.0821548 4.883871 5.1605062
-0.005267321 0.07469667 0.24193917 0.4576479 0.88815165 1.7699667 3.0550027 4.252833 6.658824 7.523729
0.02823827 0.037224226 0.05929937 0.12131935 0.2282216 0.55656874 1.1581982 1.9858861 3.5353022 4.650961
-0.006453473 0.0025158313 0.017333625 0.050036285 0.08215122 0.2188242 0.45155713 0.8135364 1.9345387 3.7567613
-0.029054128 -0.019953772 0.0010202882 0.047138527 0.20158061 0.5577345 1.0899128 1.903527 2.592143 3.221774
0.032069284 0.053206697 0.063462086 0.12723422 0.3078441 0.6332576 1.3531923 2.5127103 4.3165874 6.2720146
0.0344555 0.06868381 0.19948873 0.3792834 0.6222159 1.244815 1.5794978 2.341963 3.30809 3.6903584
0.054663066 0.07115564 0.21680228 0.42802548 0.7376293 1.4144795 1.9035518 2.6033428 3.6754763 3.8666165
-0.09650686 -0.06394899 0.16086042 0.35820508 0.7316445 1.5025458 2.4146285 4.0589623 5.8853927 6.963351
-0.037713073 -0.024892734 0.03658821 0.12812072 0.256102 0.44848692 1.1723498 1.8668914 3.3667948 5.09008
-0.02198732 -0.01819998 0.06511096 0.13158377 0.18503246 0.34547177 0.48823568 0.622699 0.7850913 0.9099247
0.019444931 0.026752934 0.029241726 0.1408773 0.2569678 0.60126305 1.0552305 1.7096722 2.9064183 3.6602917
-0.0063099507 4.435048e-07 0.011428983 0.060463667 0.17535576 0.5131836 0.8808757 1.1797673 1.5828532 1.8699424
0.048280817 0.05173309 0.07067066 0.06287305 0.10318489 0.17706142 0.25371525 0.50643194 0.7837789 0.9761508
-0.073318094 -0.06811015 -0.08033851 -0.07799394 0.03250616 0.21851528 0.42645934 0.6183486 0.7466571 0.8308067
0.06402105 0.07632552 0.20945325 0.40110984 0.70834064 1.3528163 1.9129992 3.1796494 4.3066125 4.955938
-0.010401809 -0.0010286171 0.007518148 0.030918818 0.047255334 0.23378351 0.36078933 0.5427984 1.0193794 1.6052762
-0.0007287526 0.005611408 0.023928002 0.038523138 0.06972481 0.095421776 0.14331986 0.327742 1.0051193 2.256541
0.044615828 0.057049364 0.10578089 0.17018439 0.3294007 0.7867686 1.5265812 2.7371626 4.892934 6.965736
0.04697854 0.05928112 0.09854781 0.18117332 0.3168753 0.65775114 1.2688415 2.2730098 4.490029 6.3061647
0.07653318 0.086730264 0.11601035 0.19535615 0.34241027 0.7416904 1.4605107 2.7633448 4.784938 6.8963246
-0.019896686 -0.008325489 -0.00691326 0.03920741 0.15172508 0.3696656 0.7402801 1.4956083 3.0853517 4.944674
0.06842898 0.17605995 0.46053445 0.891409 1.3459556 2.4223537 3.0780778 3.7066684 4.2106876 4.5944767
-0.06299738 -0.051166687 -0.017302664 0.0014796034 0.092707396 0.18819237 0.6985446 1.243905 2.3590147 3.3607092
-0.046386395 -0.036121983 -0.028673112 0.0207159 0.14193578 0.3472772 0.6918824 1.6368942 3.5931613 5.189479
-0.021981858 -0.015426785 0.014130386 0.08444798 0.28648895 0.7317481 1.5356346 2.6797774 4.074288 5.47587
0.013949338 0.018627994 0.015540351 0.0071552647 0.08722516 0.18169306 0.25483254 0.3108521 0.50223607 0.5087111
-0.023093235 -0.022106992 -0.0020829279 0.03891267 0.13464521 0.3025078 0.89861876 1.7142198 3.0043743 3.9377296
-0.06544991 -0.0609492 -0.053966887 -0.014044622 0.03343005 0.26755998 0.44156072 0.6940656 1.7261503 2.8867784
0.019908343 0.02576666 0.055639837 0.120006256 0.2693368 0.5710587 0.8412434 1.2412533 1.4913126 1.8735565
0.015572537 0.044626355 0.18362361 0.3996038 0.73103094 1.3375659 1.9737097 2.3762424 2.7893524 3.0703087
-0.013902247 0.008537368 0.05152538 0.08188221 0.23833 0.5084472 1.0419616 1.9951218 3.8206081 5.9001546
0.08665232 0.107897036 0.23400176 0.44243428 0.804485 1.5934007 2.3796947 3.45226 4.9481225 5.70561
-0.0010449416 0.005708445 0.009278372 0.020620784 0.10538664 0.29918718 0.52605915 0.8058952 1.301241 1.6361904
0.00018370288 0.0069371182 0.0024104542 0.00271968 0.0727115 0.21656589 0.40716484 0.719332 1.1936226 1.4564179
-0.035433847 -0.02943075 -0.03485367 -0.017565962 0.05234709 0.12414662 0.17754984 0.49559388 1.7232205 3.4020445
0.003883448 0.011556529 0.030382624 0.07469395 0.16328132 0.3174154 0.6763803 1.3532852 2.637269 4.979182
0.012555097 0.019832477 0.035174426 0.07583615 0.14578876 0.33420599 0.66028136 1.1599176 2.3410852 4.2484536
-0.037397433 -0.03085345 -0.009682501 0.016604377 0.060748246 0.13825382 0.19319269 0.4509321 1.0274531 2.1824074
-0.016993737 -0.009010439 0.004119781 0.018235402 0.039927904 0.17552176 0.38111988 0.73601145 2.0906167 3.7487137
0.024099113 0.027090473 0.048107952 0.077828586 0.18871237 0.2742207 0.37125403 0.5806907 1.4056104 2.7532668
-0.110425346 -0.10074919 -0.09619997 -0.08664857 -0.041168995 0.0509278 0.38128275 1.0660138 2.9923553 4.263563
-0.07742879 -0.072460905 -0.07253429 -0.05409748 -0.018315747 0.013710576 0.2199651 0.982138 1.9798479 3.4645555
0.15387304 0.3114122 0.7519699 1.1593066 1.6966397 2.726863 3.173611 3.7200227 4.4206553 4.6568475
0.09712013 0.1656901 0.37428287 0.7207125 1.1712639 1.7274381 2.130386 2.5503328 3.3873227 3.7734027
0.09322785 0.20805073 0.4458756 0.7992431 1.186083 1.794392 2.1518009 2.5223017 3.4068456 3.571506
-0.120422855 -0.11501088 -0.11466916 -0.0898477 -0.023111604 0.080452286 0.23398685 0.36405227 0.792561 1.0989753
-0.04816175 0.019960692 0.29379636 0.601142 1.2307922 2.1437817 3.1044168 4.0425534 4.878074 5.4709105
-0.012524223 -0.0038735974 0.10647342 0.2869839 0.5476044 1.0592387 1.3916178 1.8821759 2.152302 2.350062
0.30232683 0.61406016 0.926754 1.2541686 1.7217623 2.6600578 3.1957057 3.7895153 4.147593 4.169353
0.017815478 0.117502 0.25015646 0.52021575 0.8398631 1.16604 1.4635419 1.633201 1.8513156 1.8168774
-0.030085297 -0.017796203 -0.0069810045 0.051907975 0.2365879 0.71417403 1.3454667 2.1108725 3.3583033 4.651226
0.0143236155 0.023169104 0.046337415 0.09979582 0.1840557 0.4325973 0.6888135 1.0855098 1.8948623 3.214826
-0.06306886 -0.053473596 -0.075203516 -0.03441551 0.026603635 0.21806602 0.38273522 1.040889 2.4068787 3.8773513
0.054851104 0.067616254 0.08248361 0.14053063 0.156426 0.38661557 0.6374746 1.1415449 2.2674448 3.6410875
0.0018474539 0.007327499 0.02246585 0.045102194 0.15113646 0.29997262 0.55008924 0.8868257 1.9587146 2.8676178
0.031383857 0.038922068 0.063103534 0.14984557 0.27176094 0.6337333 1.0608182 1.868523 3.6357095 4.994326
0.13192682 0.16202782 0.3375269 0.52475 0.98708 1.7093908 2.790804 3.9178307 4.9751325 5.3104177
-0.05095105 -0.042578932 -0.017294863 0.033699144 0.15618157 0.61975944 1.5517516 2.6140916 4.6902595 5.774635
-0.041536126 -0.032438077 -0.0077426857 0.03119911 0.10614866 0.28597167 0.658405 1.1830394 2.4379232 4.0963016
-0.00092376245 4.7305817e-05 0.0013767942 0.018852992 0.13326144 0.38128152 0.67095023 1.5651958 2.8154137 3.5386205
-0.02345905 0.12525155 0.3889867 0.83667463 1.325326 2.3881295 3.415216 4.5449057 6.284768 7.331306
-0.06611842 -0.050714232 -0.05632791 -0.0063195396 0.053653926 0.27129233 0.42110804 0.8741927 2.115965 3.5119133
-0.008806928 0.004681964 0.007855919 0.091553815 0.23424594 0.75249743 1.4339166 2.4417877 3.6180987 4.498376
-0.032293636 -0.021718236 -0.020917632 0.037788738 0.15617026 0.53768367 1.2180028 2.0698395 3.4105136 4.9363794
-0.0036869962 0.0098793 0.05537543 0.13025972 0.29624724 0.54148316 0.97680336 1.371344 1.5663899 1.8405282
-0.005937193 -0.001088667 0.00484239 0.046752214 0.1901366 0.33847576 0.6263521 1.0980952 1.3296361 1.5084077
-0.034839 -0.031397056 -0.025587212 0.027170103 0.16102439 0.52843714 1.0469413 1.882747 3.3439093 4.598812
-0.01622273 0.02263218 0.1472134 0.35495973 0.73119426 1.4863741 2.1462517 2.3804216 2.6336355 2.9924738
2.2742226 2.4115033 2.5793061 2.8133953 2.9173353 2.934518 2.8812551 2.7460063 2.9638095 2.8665912
-0.06459187 -0.057248693 -0.045876205 -0.040891025 0.014846161 0.08530277 0.2691703 0.3640533 0.5727902 0.7939466
0.11498765 0.14283603 0.18452318 0.26388422 0.52773374 1.1184307 2.0698516 3.3583932 5.7886505 7.9711914
-0.041114334 -0.034335796 -0.014151165 0.014429367 0.13482857 0.368835 0.7599495 1.2968776 2.4721277 2.8424737
-0.007982436 0.029017903 0.07799525 0.17677996 0.32330564 0.6862513 1.1060256 1.5680209 3.3320549 4.804451
0.014912556 0.022178963 0.06418139 0.14703487 0.31145906 0.5965151 1.0171499 1.5245554 2.396447 2.8727515
-0.082449675 -0.074637964 -0.061947964 -0.03502929 0.04059154 0.2694008 0.5465013 1.2065133 2.8266954 4.4233027
0.9424117 1.4469211 2.0255735 2.481041 2.885364 3.4642003 3.6883526 4.08232 4.8509517 4.858055
-0.070434384 0.01975986 0.1854481 0.49148747 0.88343954 1.4959048 1.9718949 2.562316 3.627149 3.8900952
0.021131083 0.027766213 0.0141714765 0.008624299 0.043371364 0.19771196 0.43028408 0.6681975 1.1469954 1.4599123
0.050578527 0.06117499 0.06781443 0.03254389 0.050302748 0.055664685 0.13047169 0.16193044 0.47562364 0.6927129
-0.06156794 -0.052677967 -0.044880986 -0.015054957 0.110528864 0.35568702 0.83444464 1.7021887 3.3344789 4.6730504
0.07070987 0.08068926 0.091939114 0.1602627 0.2983358 0.64640737 1.0117476 1.2470664 1.8397198 2.3208218
0.042073447 0.051765237 0.061577607 0.12647107 0.25609338 0.5681277 0.8693456 1.1180906 1.7542564 2.2327757
-0.011640385 -0.0023507813 0.007877209 0.05732247 0.19982162 0.42654184 0.86431825 1.6857618 3.2798808 4.6499796
0.05208246 0.055476848 0.16171435 0.30757612 0.52593285 0.95515865 1.0649569 1.2855943 1.4396777 1.4337572
0.031786833 0.041966237 0.049258348 0.088383265 0.19506055 0.4771132 0.95428205 1.6461188 2.857586 4.6530457
0.044057984 0.053045746 0.077213705 0.14218916 0.29926538 0.6555718 1.3047531 2.0528865 3.688763 5.460921
-0.061909754 -0.07858882 -0.07866753 0.0097283805 0.18384467 0.6484489 1.3117368 2.2253904 4.029077 5.3984714
-0.039566215 -0.033114687 0.048316915 0.2274222 0.5382184 1.1263667 1.3574297 1.6335361 1.7770445 1.7754266
-0.02996489 -0.02351334 0.054099172 0.24301775 0.5612059 1.1550251 1.3948249 1.6762383 1.8276092 1.8466517
-0.049247924 -0.04279629 0.028936954 0.19283102 0.5073449 1.0837141 1.3160186 1.576749 1.7495954 1.7712282
-0.07321347 -0.07794395 -0.025397897 0.1331211 0.4430973 1.0366492 1.2901165 1.5543696 1.7154337 1.7386967
-0.0066332025 0.009178117 0.104344055 0.31372446 0.62398046 1.1521968 1.3977159 1.6822963 1.9632105 1.9908445
0.027961396 0.030162308 0.06724905 0.089386806 0.15819135 0.47201812 0.77016675 1.1735394 1.4502609 1.3745799
-0.0022309253 0.110644124 0.36190435 0.6970417 1.0856869 1.7023859 2.124042 2.2248676 2.3173983 2.3889651
0.018491702 0.029768327 0.038247433 0.092285976 0.19517243 0.51558363 0.9820083 1.8616787 3.795518 6.2482095
-0.036648452 -0.035450675 -0.03797194 -0.016447332 0.062775485 0.20917489 0.3397717 0.5161254 0.87139314 0.9730878
0.20740223 0.31904078 0.6769203 1.0096856 1.455726 2.285509 2.813114 3.5945952 4.619184 5.428979
-0.016063025 -0.012147809 -0.015837718 0.028770927 0.13656491 0.3297555 0.715262 1.1875073 1.8741184 2.5226035
-0.024359323 -0.017145973 -0.009721249 0.03648383 0.14773983 0.37539282 0.6825141 1.3966101 2.4923952 3.3936186
0.00020826401 0.0053047324 0.020673025 0.07823347 0.22257355 0.5956349 1.0483392 1.6339208 1.9001777 2.2340138
0.003175996 -0.007934939 0.013647407 0.040879905 0.18079852 0.4697087 0.9829086 1.6437615 2.9931128 4.2497263
-0.013372282 -0.006188862 0.0060669114 0.037959184 0.08516407 0.15403385 0.26598266 0.38953987 0.55303884 0.5889903
0.11940483 0.13335735 0.14067449 0.18954948 0.41307983 0.8426678 1.4439048 1.9996748 2.9148161 3.2037811
-0.07627876 -0.07016042 -0.058561873 -0.023680309 0.045989975 0.22798118 0.54575425 0.79979163 1.3951262 1.7383012
0.09113933 0.09966026 0.105070636 0.20901495 0.3438648 0.62605345 0.9573807 1.3176612 2.092844 2.3273973
0.7146814 0.9350153 1.3920977 1.6622295 2.0018988 2.7835257 3.1078455 4.1855054 4.9899035 5.457547
0.10068446 0.13697274 0.29263145 0.4819313 0.8858394 1.6069392 2.4808517 3.6310647 4.731775 5.3762355
-0.0033966582 0.0034932878 -0.0021800168 0.0028613461 0.031827886 0.10704916 0.23401068 0.24889128 0.2738443 0.2964715
0.008652683 0.022813542 0.04717278 0.11261872 0.17764196 0.41673058 0.7277893 1.0997465 2.669108 4.134494
0.14931244 0.22161482 0.3748694 0.5801676 0.8963787 1.694651 2.1367326 2.6536076 3.379146 3.8357513
-0.0068635833 -0.0064775054 -0.038030203 -0.022042299 0.034153037 0.082565695 0.3759771 0.8824803 2.3034027 3.6719189
-0.01560108 -0.005115 0.005602994 0.018366775 0.017718993 0.14165719 0.25469735 0.394063 0.7900695 1.2726839
-0.009763371 -0.009708295 -0.030108532 -0.0017832769 0.082182325 0.23827438 0.6248134 1.3739626 2.6988037 4.094043
-0.005300032 0.002101237 0.013820125 0.033370875 0.08313977 0.15960877 0.2744447 0.40196678 1.1594563 2.791462
-0.010028005 -0.0037183843 0.009170713 0.030488204 0.062105857 0.12602681 0.2376184 0.70465523 1.9176145 4.113376
-0.027977956 -0.04018962 -0.03467957 -0.0102151185 0.0648931 0.26002508 0.63253397 1.1608235 2.5755022 3.931006
-0.029972414 -0.015507902 0.0051349946 0.080949016 0.2730976 0.64791435 1.3407656 2.415549 3.8810127 5.945693
0.020260077 0.082755 0.12805691 0.14498144 0.29471344 0.7724118 1.326681 1.675434 2.1714277 2.3852777
0.00568126 0.016954103 0.03631034 0.07630073 0.12852542 0.23694037 0.41348097 0.9419847 1.717698 3.6142294
0.046735503 0.07825177 0.2339484 0.43786973 0.8555408 1.6446296 2.556106 3.8719172 5.407456 6.335188
0.20586374 0.42618996 0.7143703 0.93112916 0.96485114 1.0570867 1.0920265 1.123493 0.98266405 0.9799804
-0.02856781 -0.025080744 -0.0508458 -0.07801879 -0.038632903 0.02986077 0.041454222 0.05330954 0.10457116 0.1762935
0.034183815 0.027505824 0.009654967 -0.011181769 0.029550916 0.17845146 0.27316195 0.55377936 0.99977624 1.182447
0.036603495 0.041599933 0.07326117 0.13407356 0.22373542 0.6548742 1.3591849 2.142595 3.468636 5.6666584
0.033265594 0.04165328 0.062133055 0.10155138 0.2815913 0.58810157 1.1225016 1.7270566 2.355267 2.8061295
0.048876226 0.05999363 0.072723985 0.10481013 0.24026142 0.59709436 0.9601398 1.3108805 1.4507618 1.464098
0.08433362 0.13819633 0.29893097 0.51582205 0.8689425 1.5932206 2.1597896 2.4207191 2.6174235 2.6139429
-0.057050496 -0.052355073 -0.049345147 -0.026368745 0.02163032 0.10182528 0.27457595 0.6526437 1.263734 2.3307412
-0.033036042 -0.02834066 -0.025787603 0.008773038 0.04507778 0.0032198736 0.10085789 0.24440747 0.6988451 1.2866926
-0.041436356 -0.03822702 -0.035367552 -0.014129275 0.03330703 0.11877074 0.24608596 0.6566655 1.3087671 2.3650448
-0.06736533 -0.06267 -0.049528882 -0.017055104 0.018019559 0.018116761 0.19195898 0.4211582 1.1077185 1.9211615
-0.011187139 -0.0064916955 -0.004166041 0.02582515 0.071440846 0.18808185 0.31429988 0.74740213 1.6381109 2.6278355
-0.035207693 -0.031998385 -0.027481515 0.004559797 0.050426483 0.06008445 0.23088074 0.54961205 1.0974388 1.9282509
0.07381172 0.07420969 0.10475783 0.14372705 0.21542813 0.48992956 0.8076385 1.2047708 1.914533 2.4160929
-0.01743943 -0.014157137 -0.01432063 0.019679932 0.08299177 0.28004447 0.48820433 0.7773606 1.0134665 1.2005091
0.01940994 0.05205738 0.07734657 0.1112193 0.15595917 0.3252941 0.6744903 0.9230249 1.3261006 1.4663091
0.06432412 0.07762134 0.104890406 0.18380693 0.24782719 0.48565271 0.90155125 1.5389494 3.116225 5.252366
-0.051796168 -0.04057829 0.008219357 0.030694496 0.11967246 0.31526425 0.6854864 1.45429 1.9805769 2.175689
-0.028072009 -0.018823845 0.007973627 0.03941201 0.075129874 0.3074997 0.53117883 0.884703 1.4585862 1.7288524
-0.01327121 0.0044453503 0.03368418 0.06376663 0.15431868 0.33517674 0.5875223 0.85702306 1.3559573 1.5773523
-0.06881488 -0.06114925 -0.055181995 -0.07870262 -0.11282618 -0.15643653 -0.16211584 -0.037891764 0.4933724 1.0890505
-0.018189507 -0.006446519 0.00065363187 0.024744453 0.085171044 0.13556305 0.358367 0.44775987 0.9262158 1.6303961
-0.005451994 -0.0019899325 -0.022492312 -0.008675925 0.052620955 0.17749918 0.31831428 0.55502224 1.1799544 1.7262733
-0.0071004587 0.011946529 0.055758826 0.06254252 0.1513438 0.39584586 0.67543286 0.89836615 1.9715562 2.443399
0.0054520443 0.01459952 0.037812836 0.09795438 0.26205173 0.6375382 1.1391646 1.6419454 2.1595867 2.5626326
-0.01897318 -0.008117067 -0.008117501 0.049613617 0.18949206 0.54602236 1.0339986 1.4958174 1.8914572 2.0225554
0.12742464 0.25031933 0.691624 0.9397904 1.2116338 1.5640675 1.6143849 2.2152529 2.5228322 2.7678208
0.014140369 0.032441176 0.02140049 0.05223106 0.20080964 0.6464872 1.1463856 1.4912897 1.8651885 1.866171
0.058440566 0.09139375 0.24663942 0.40743825 0.70803714 1.3253548 1.7561985 2.3330004 2.7887526 2.9567578
-0.0069536446 0.0024195176 0.010966277 0.03307051 0.0494071 0.23361948 0.35782698 0.53965807 1.0190544 1.5845793
-0.043920964 -0.032030873 -0.027307792 -0.015685644 0.03084639 0.19296806 0.31412828 0.52043396 1.0036138 1.864638
-0.015713016 -0.008199127 0.0074312617 0.055528097 0.07983389 0.10893491 0.19972703 0.41264382 0.88682765 2.1592414
-0.009624261 -0.009759593 0.045997262 0.028371565 0.06356875 0.18044804 0.3243914 0.5251319 0.8821865 1.1645364
-0.06589312 -0.064367674 -0.041568883 -0.01709366 0.034544148 0.21577981 0.37746522 1.0259007 2.9940271 5.0384293
-0.08125148 -0.050728697 0.076218344 0.262553 0.6360507 1.5123984 2.305443 3.5018814 4.801314 5.960608
0.046573263 0.072592266 0.21958138 0.42002508 0.81150115 1.7061243 2.8257895 4.2244644 6.0486164 7.093172
0.06938027 0.12993264 0.19417077 0.33415282 0.47103742 0.8084012 1.0770229 1.3745593 1.7408246 1.9335884
0.26578623 0.4578098 0.880784 1.1760163 1.5249954 1.8570751 1.9402231 2.624777 3.0672235 2.9854646
0.077381074 0.088610545 0.25025314 0.47343785 0.79700595 1.7189175 2.696015 3.9093094 5.357826 6.332362
0.0020105331 0.015770208 0.014275255 0.049328916 0.21519548 0.70767605 1.4644574 2.441061 4.0011806 5.244688
-0.11085578 -0.10298212 -0.07347282 -0.06787274 -0.007268587 0.16395518 0.47880003 1.0542907 2.114507 2.8510458
0.07900932 0.086989604 0.105963096 0.16861887 0.34995493 0.8508971 1.5431495 2.5466478 3.7392356 4.2905245
0.016214946 0.02599668 0.035680078 0.04470212 0.12268612 0.22106117 0.4075848 0.6881905 0.9027771 1.0416603
-0.12662613 -0.057581976 0.06956263 0.22889775 0.5584281 1.1250882 1.6369803 2.289952 2.9765642 3.4210176
-0.06522301 -0.05640982 -0.017266983 0.038823064 0.17638531 0.4152715 1.0280751 1.6095687 3.1111817 4.9631715
0.08108599 0.15369108 0.35884127 0.7017801 1.1595349 1.7134162 2.20207 2.5505617 2.898852 3.1682613
0.09656003 0.17423403 0.31977087 0.6278112 0.9871038 1.3929521 1.577667 1.7389582 2.0055194 2.0109909
0.00095862994 0.0039876574 0.015567957 0.038147874 0.07906638 0.16151725 0.22912768 0.531813 1.19135 2.0941868
0.01015432 0.025186202 0.06645359 0.12535633 0.3034891 0.7216015 1.295827 2.121698 3.1009023 4.1767826
0.02671956 0.03696463 0.062243 0.11804872 0.304507 0.6784917 1.0918715 1.4595004 1.9672725 2.2169025
0.012871903 0.024900708 0.03294215 0.10628873 0.2467825 0.7480774 1.3312391 2.1496453 3.5894592 4.835164
-0.088587835 -0.08288936 -0.08258905 -0.070907295 -0.009260903 0.109483875 0.3242153 0.59744036 0.95722747 1.1684215
0.08486276 0.10066946 0.24589276 0.4242593 0.710927 1.0630939 1.2539814 1.4591504 1.6082671 1.6397097
-0.008982985 0.015444011 0.16012676 0.33707583 0.58365285 1.0732241 1.2935131 1.315938 1.5793281 1.6159841
0.054072108 0.12333328 0.3223426 0.5723991 0.9237363 1.2337257 1.3862858 1.5655677 1.7466481 1.7223237
0.04429424 0.08265137 0.21733205 0.43982333 0.88913155 1.6915629 2.7016957 4.030454 5.1055136 5.963873
0.0139637785 0.054412812 0.18878572 0.39886504 0.8667789 1.8619982 2.8786657 4.177493 5.4549084 6.397021
0.007452104 0.059203554 0.17287825 0.42385098 0.8249877 1.6743387 2.7838025 4.168605 5.9910173 7.1174355
0.061458137 0.07140899 0.09033979 0.15993646 0.306886 0.7319054 1.1900108 1.8158501 2.4976354 3.0966835
-0.0038252044 0.012025007 0.03957094 0.07237381 0.13781714 0.30537593 0.60601395 1.0569743 2.067899 3.4463532
0.019586675 0.030789914 0.05581628 0.08697188 0.11336535 0.16896205 0.34975606 0.6633793 1.3277272 2.7651448
-0.070700094 -0.06637363 -0.05863319 -0.0055954293 0.020244252 0.28009096 0.69296 1.3172886 2.2022438 2.8763938
0.016459318 0.028858872 0.05137884 0.08640736 0.1447132 0.33825806 0.6463791 1.2390152 2.856173 5.33943
0.10637063 0.11947082 0.1463393 0.2129563 0.36211887 0.714971 1.2159479 1.6742289 2.3027601 2.6572726
-0.048270512 -0.037938174 -0.06692139 -0.009639793 0.1450939 0.36129698 0.81388533 1.1849705 1.7487332 2.0676246
-0.034487788 -0.011199571 -0.04507314 0.006120752 0.1461315 0.38819006 0.8408718 1.0028605 1.2610929 1.4974469
0.120623216 0.26301783 0.7461097 1.0734291 1.7322953 2.838787 3.1377678 4.00879 4.6921444 5.245785
-0.020324538 -0.014215759 -0.0054600397 0.0031217714 0.016709842 0.12780416 0.205232 0.46505803 1.3531867 2.3212001
0.014682523 0.025175244 0.021786064 0.057672277 0.21851887 0.50591445 0.79465723 1.4100978 2.0568707 2.605458
0.23079573 0.38099557 0.72894734 0.97253096 1.2851435 1.6641047 1.6827308 2.2248204 2.5367787 2.8572166
1.0990626 1.5462449 2.1546814 2.458927 2.654249 2.9655566 3.2494612 3.8006272 4.1130958 4.161711
-0.058144454 -0.043455046 0.0040399097 0.06486688 0.26995263 0.7861439 1.4950563 2.5047886 3.868066 5.137297
0.025873361 0.060522176 0.1529846 0.329175 0.6490764 1.3557855 2.1658382 2.9472091 3.4953644 3.8670955
0.1963742 0.2860863 0.46052793 0.8063618 1.1361183 1.765146 2.08127 2.4993262 2.7263267 2.8739696
0.0052092657 0.040834244 0.14782229 0.3226624 0.66715 1.2660183 1.6719695 2.329489 2.7539718 3.0353603
0.05327338 0.12093721 0.3025314 0.6172259 1.0346831 1.5687625 1.8746525 2.1427145 2.5569713 2.5239384
0.5407237 0.7498346 1.2993425 1.6579428 2.0201771 2.8296666 3.2085073 3.291986 3.7118113 3.7709305
-0.04135213 0.0028612583 0.14597316 0.30259547 0.66340786 1.341675 1.7972729 2.3082912 2.5714674 2.8390625
-0.021543227 0.012947529 0.07917179 0.16706246 0.26887104 0.6233172 1.465603 2.3352916 4.3470488 6.4537992
-0.027388548 -0.018015407 -0.008632271 0.009676936 0.021461207 0.20068546 0.32489234 0.45564952 0.93345577 1.5342323
-0.019917637 -0.00943161 -4.846775e-05 0.004574719 0.020911265 0.20311397 0.3256214 0.47123635 0.9389425 1.4556926
-0.020190967 -0.010817849 -0.0014346946 0.020669527 0.0370061 0.21806736 0.3650715 0.523248 1.012725 1.546604
-0.02936476 -0.019991623 -0.010608495 0.011495761 0.027832309 0.20506038 0.32926732 0.48744264 0.9686526 1.4506502
0.03433686 0.043911356 0.05528522 0.0972524 0.29249477 0.712939 1.2808499 1.7735486 2.266641 2.6049798
0.58418584 0.7912097 1.3949239 1.8760017 2.071353 2.3452227 2.5175378 3.0354774 3.4544232 3.3839874
-0.0046678716 0.0040332256 0.033958368 0.07195362 0.24381402 0.6238209 1.2667167 2.058475 3.732908 5.151457
-0.040568534 0.034412283 0.2047611 0.47598773 0.80730885 1.1160632 1.2546895 1.4073626 1.5927212 1.5917612
0.10469404 0.11205311 0.16343029 0.23020755 0.3862631 0.71812415 1.3039111 1.9952713 3.111451 3.8063018
1.4450971 1.7159277 1.9430865 2.0542717 2.1086597 2.2149897 2.3194242 2.5533137 2.595608 2.5301714
0.064183444 0.07372783 0.20717542 0.39630565 0.6811755 1.0401611 1.2138027 1.4457662 1.6848782 1.7271923
0.40236235 0.6388493 1.2548586 1.7176945 2.1621296 3.0421844 3.47049 4.0950437 5.031222 5.606445
-0.057574503 -0.048325844 -0.0008807525 0.014394535 0.03100383 0.022220463 0.012870361 0.0888233 0.055401154 0.12569307
0.1643982 0.2740795 0.51328605 1.0234239 1.6717496 2.432796 3.1023834 3.9616067 4.7257967 5.0141435
0.13103423 0.33406276 0.7365621 1.0251403 1.209975 1.4209129 1.5333453 2.0358026 2.319543 2.4986513
-0.021414954 -0.01433918 0.008768763 -0.03758709 0.050344143 0.20677687 0.3201386 0.3918688 0.66586095 0.9076786
0.04416449 0.06009168 0.07121369 0.14973272 0.10713503 0.40826553 0.94156396 1.6445318 3.3462753 4.6558056
0.2260835 0.32116038 0.6704372 1.0331615 1.3564857 1.8545943 2.0789607 2.2733436 2.7388895 2.7425098
-0.047983 -0.037209034 0.0025313343 0.092543125 0.23452377 0.6677645 1.5060545 2.4942153 3.6750116 4.415546
-0.053676974 -0.041169986 -0.0022154702 0.06706362 0.22444415 0.5966405 1.0071564 1.4457494 2.8023317 3.7258487
0.0071586356 0.017893802 0.04496275 0.11651632 0.2966904 0.6900434 1.4956132 2.4051921 3.6927135 4.814592
0.0059389505 0.02297895 0.049616683 0.0985184 0.16468036 0.2001126 0.2777455 0.6870916 1.4659779 3.3500984
0.64094305 0.9438296 1.3697227 1.5694916 1.7158997 1.9585328 2.2941892 2.483541 2.842606 2.9178762
0.36162353 0.6272483 1.102906 1.6470697 2.2980244 3.0602055 3.0841675 3.3573575 3.8298006 4.096596
0.006642292 0.0107136695 0.027556177 0.024838122 0.049335267 0.21338113 0.39265192 0.5972683 1.8065464 3.481563
-0.005670787 0.0055852514 0.03622877 0.09395014 0.13538535 0.28523865 0.38776904 0.826401 1.387934 2.2182665
0.27745083 0.537758 1.0088755 1.2670503 1.3173847 1.4998568 1.5521139 1.5885932 1.7889836 1.7566969
-0.030462353 -0.011054586 0.009225332 0.024403913 0.07324525 0.21816806 0.50008905 1.0429899 2.0392926 3.3131282
-0.02443636 -0.01921447 0.036765773 0.2177454 0.4957235 1.1517724 1.5876702 2.220757 3.0931182 3.4316626
0.07827323 0.1527515 0.32217646 0.6637765 1.2180082 2.0895483 2.9391224 4.039313 5.466171 6.6582046
0.9080704 1.1551104 1.5659237 1.8012823 2.2986624 3.012984 3.4564238 3.6836872 3.783555 3.8595953
0.07820677 0.09334841 0.21490432 0.4182734 0.8384292 1.6356045 2.5237584 3.6141136 4.653499 5.323995
-0.021864882 -0.019526286 -0.04586027 -0.0076154093 0.13576593 0.5991031 1.1245505 2.070069 3.7058446 5.0555034
0.0015389981 0.0069011175 0.018659784 0.040010966 0.074505076 0.16498487 0.37483442 0.8486994 1.9115769 3.6080132
0.009107067 0.013831926 0.02700974 0.048426546 0.090203844 0.20015404 0.34575784 0.6840639 1.5326556 2.9746554
-0.077741 -0.07567894 -0.057372753 -0.0107265 0.08287542 0.3271854 0.6553201 0.91205806 1.1915587 1.4311147
-0.041917883 -0.03470792 -0.029001324 0.0044915327 0.10736133 0.30116782 0.64659065 1.6815468 3.2534678 4.6051965
0.41704166 0.73296696 1.4653673 2.3220694 2.9716601 3.6043434 3.8104205 4.75875 5.27722 5.238993
-0.012174391 -0.008993169 -0.0010741251 0.008132015 0.01411829 0.014220868 0.030494178 0.18741415 0.9330515 1.8822601
-0.02092732 -0.009141146 0.020875365 0.1701831 0.29786816 0.6810422 1.56456 2.4391365 4.6306915 5.9275165
0.10836812 0.15708624 0.28923845 0.48690227 0.9009252 1.7209558 2.832614 3.930817 4.8803163 5.0664034
0.07220485 0.10822273 0.2380068 0.4049792 0.7124968 1.501325 2.4842644 3.7181492 4.88219 5.6413703
0.07391174 0.1125307 0.2487116 0.4240313 0.7759609 1.5717938 2.56953 3.8523664 5.1722984 6.0676723
-0.033784326 -0.023298305 -0.0139151905 0.001808283 0.013592577 0.19579534 0.31985286 0.45370704 0.9198968 1.4318246
-0.0009896484 0.009496427 0.017893616 0.027716333 0.04899822 0.2570679 0.404365 0.55107874 1.0342046 1.7282888
-0.0042978274 0.0061882585 0.012317906 0.022315945 0.041634955 0.24666022 0.4167544 0.58032346 1.0626445 1.9295511
0.052426912 0.05928056 0.08927423 0.14617905 0.31189674 0.6970757 1.1474559 1.5958155 2.18453 2.7116418
0.053367652 0.069027804 0.10700464 0.1789595 0.2842894 0.5920244 1.3418349 2.0987456 3.464233 5.3799148
0.1840959 0.38745415 0.7778223 1.1000932 1.3329961 1.5030265 1.5507222 1.812208 2.051254 1.9668142
0.32691386 0.53533727 1.0167308 1.2401417 1.4338701 1.5685084 1.7348436 1.9030029 2.0804386 2.1124434
0.04108936 0.117720366 0.24674617 0.31639802 0.42315888 0.87096536 1.3841927 1.9125513 3.162959 5.5490203
0.8657156 1.1085067 1.4462403 1.5574348 1.5763314 1.7492316 1.8637427 2.0704079 2.3319652 2.2394261
-0.0038885663 0.001199006 0.032445922 0.08286039 0.14964283 0.42355457 0.66783273 1.0474157 2.0395737 3.7114255
0.13205855 0.22096737 0.42546007 0.75641024 1.237377 1.9828873 2.950279 3.5602758 4.2351007 4.5382233
0.033112485 0.047085617 0.07097793 0.10010474 0.23914446 0.48153234 0.72899073 1.4876094 2.977968 4.8586764
-0.013493202 -0.006226821 0.008941108 0.037751812 0.07612427 0.1441949 0.24189708 0.63763034 1.2792721 3.0589056
-0.11120088 -0.105751276 -0.09820914 -0.08141085 0.0036331827 0.17306307 0.5664259 1.2110126 2.9913425 4.28628
0.3295952 0.52996254 1.0429503 1.3183773 1.4444228 1.4998176 1.5766057 1.6103173 1.5364727 1.3653346
-0.04886223 -0.04068523 -0.07375554 -0.018340671 0.10892319 0.39469704 0.66175854 1.1047281 1.3249838 1.5269805
0.04282422 0.095462 0.24055415 0.43835187 0.79495305 1.6048628 2.9205546 4.0449567 5.972658 7.096977
0.07758429 0.101064384 0.2749861 0.52011096 0.9146585 1.8969071 2.816286 3.908645 5.2385473 6.0190997
-0.004960934 0.03615844 0.14879072 0.37036034 0.74396145 1.4877677 2.497701 3.671132 5.115528 6.1424522
0.09986785 0.12360648 0.26290077 0.44719124 0.82508993 1.6560037 2.5701265 3.8314002 5.478669 6.4236164
0.12938103 0.14818789 0.27991545 0.45340675 0.8305037 1.5975773 2.5332668 3.7414281 5.3108406 6.159128
-0.006163342 0.0054401094 0.010222084 0.025774611 0.06295204 0.18416041 0.3400406 0.71404296 1.4997684 2.7160006
0.020461518 0.027998663 0.04714884 0.07798052 0.18024017 0.4308267 0.81676084 1.4949412 2.929486 4.637918
0.07254329 0.16234836 0.40062323 0.8064697 1.3958542 2.3969018 3.553835 4.661711 6.839736 7.6862555
0.051820975 0.08432473 0.23975901 0.46804044 0.87422866 1.6973575 2.7172961 3.832151 4.722993 5.25007
0.3516145 0.618994 0.96948045 1.0412465 1.065756 1.2115473 1.413323 1.4949613 1.6599706 1.6668719
-0.04158203 0.0013384927 -0.039837833 0.0485898 0.17571236 0.42423826 0.94290614 1.8564987 3.2315936 3.9283214
0.05924951 0.09787281 0.21288393 0.39877623 0.71449083 1.5928577 2.4153743 3.7339306 5.158226 6.7076273
0.05080268 0.093819745 0.14918081 0.25853455 0.43036625 0.85726696 1.5534077 2.316644 4.031901 5.2830124
0.032078892 0.03515083 0.044274367 0.077447444 0.18806845 0.40809518 0.67248976 1.0683596 1.2656754 1.5076545
-0.090884216 -0.107708186 -0.097921945 -0.09271973 -0.05691785 0.027219364 0.28392747 0.7385989 1.6309707 3.2908661
0.024552751 0.028889295 0.033676103 0.09012466 0.13520007 0.23512799 0.33518854 0.59891194 0.9272899 1.1215723
-0.098097146 -0.09268543 -0.08065706 -0.050917253 -0.0003945213 0.10583157 0.28585944 0.48107082 1.0306593 1.3935772
-0.1129537 -0.10754191 -0.10578414 -0.082505114 -0.018876864 0.075827636 0.2761544 0.4500739 1.0366466 1.3272635
-0.11571455 -0.10566912 -0.109331675 -0.10897668 -0.08745895 -0.0867522 0.01454453 0.2435474 1.0375129 1.360299
-0.10625409 -0.09735989 -0.09685408 -0.0961894 -0.090510555 -0.11734561 -0.073726356 0.121104375 0.5294432 1.0876026
-0.106554985 -0.09766087 -0.09504752 -0.094382845 -0.08064716 -0.101889916 -0.068605594 0.1292754 0.51639754 1.1145527
-0.108194105 -0.099299945 -0.0952272 -0.09252875 -0.07324554 -0.08483466 -0.045252282 0.17344025 0.67311686 1.3765424
-0.092067376 -0.08557656 -0.073045686 -0.058699325 0.0065157427 0.08909358 0.2869238 0.53429854 1.097449 1.4035109
-0.09440884 -0.08791798 -0.07862837 -0.054212198 0.008839404 0.1123174 0.24916008 0.4723273 1.0223427 1.3096362
-0.09566428 -0.08917355 -0.09262291 -0.0737986 -0.003676405 0.1020205 0.31066343 0.50969064 1.066841 1.3540341
-0.09518071 -0.08976889 -0.087551795 -0.06272998 0.0031810224 0.10904433 0.26824492 0.5726209 1.2553563 1.5565497
-0.112219706 -0.10150206 -0.08571923 -0.06925213 -0.028746266 0.015158381 0.12984335 0.3642538 1.024817 1.395518
-0.1083907 -0.10492834 -0.10343655 -0.091398224 -0.05389036 -0.057118665 -0.00230697 0.2085787 0.61234987 1.1695555
-0.09902198 -0.093610205 -0.07805744 -0.056903034 0.004742553 0.12117946 0.3256744 0.56164354 1.0715561 1.3967522
-0.10143657 -0.09602467 -0.08300909 -0.055289384 0.004046247 0.09261788 0.23964047 0.4426283 1.0041422 1.2867081
-0.11995049 -0.11345959 -0.11378614 -0.08896464 -0.025069848 0.08281776 0.27034998 0.44377798 0.85310346 1.1651404
-0.09237256 -0.08588175 -0.085700154 -0.073946334 -0.008761353 0.07712772 0.27335054 0.42680496 0.83998996 1.1949275
-0.1168343 -0.1114225 -0.110536255 -0.089391254 -0.028436674 0.03153696 0.16716985 0.37477073 1.0238131 1.3906289
-0.115967356 -0.10995433 -0.11291759 -0.104480855 -0.08851183 -0.089416616 0.014533238 0.25005585 0.93849987 1.3851963
0.007197331 0.011801947 0.010646685 0.032078825 0.14017545 0.28899527 0.43232608 0.6114734 0.8383364 0.9193725
0.01299864 0.025893278 0.052569736 0.10479057 0.2711845 0.6778895 1.2048851 2.0157816 2.9541276 3.5374503
-0.07248198 -0.049005136 0.09392105 0.30147943 0.7435974 1.6632465 2.7648735 3.9307916 5.918947 6.7483563
0.1041878 0.2023 0.41334495 0.7730321 1.3274161 2.3311346 3.098903 3.9699452 5.1026926 5.8579216
0.04324215 0.06350694 0.08844461 0.20780915 0.31216314 0.8847271 1.3510658 1.260647 1.3963164 1.502523
0.05189995 0.054386113 0.04934528 0.08730682 0.18672365 0.559306 0.90845966 1.1743468 1.4922651 1.6940651
0.027061002 0.18849282 0.441582 0.8540541 1.4949635 2.456978 3.7431438 4.8381267 7.605406 8.789309
-0.027051857 -0.011558159 -0.0038319132 0.06544941 0.25254402 0.7136766 1.5098553 2.7107327 4.393177 5.598805
0.06236265 0.06587204 0.0439193 0.17548405 0.34208423 0.72117096 1.2225158 1.771287 2.6432295 2.933518
-0.04813166 -0.046903722 -0.05497933 -0.030126583 0.067754805 0.38873404 0.69357723 1.0844326 1.322547 1.5349882
-0.006995034 0.0050753024 0.02217566 0.042993832 0.055084947 0.10798705 0.22952645 0.42394677 0.8300506 1.869747
-0.004710237 -0.0043824646 0.01884256 0.039783478 0.1835019 0.40382266 1.0597137 1.834484 3.2950077 4.8132644
0.042126294 0.060930002 0.06966322 0.11063035 0.18531866 0.38056973 0.7926427 1.5712506 2.962219 4.6377215
0.06082669 0.07129891 0.095963046 0.15369055 0.2338197 0.5777744 1.1091546 2.1667542 3.9993632 5.753432
-0.017135002 -0.013953738 -0.004239786 0.009763914 0.029195238 0.1123025 0.17421693 0.3627399 1.1244724 2.1602077
0.030565934 0.034222532 0.04407762 0.05829384 0.08453978 0.12405147 0.18485168 0.3581411 1.0290848 1.7665287
0.0011911532 0.010571533 0.01694873 0.05280861 0.14131406 0.34450173 0.92730457 1.7883961 3.4719138 5.0210066
-0.019127911 -0.015080288 -0.014735162 0.041281693 0.24278505 0.607176 0.9931813 1.6354287 2.6131651 2.881125
0.10319078 0.12716916 0.18426912 0.25488508 0.47383493 0.86525655 1.5231609 2.4649262 4.2585306 5.8123493
-0.0056849387 0.004672089 0.0035132524 0.05343079 0.2201918 0.652413 1.1132956 1.6712264 2.4355435 2.7633712
0.051061235 0.058596037 0.058362845 0.093544856 0.14874525 0.30673197 0.76063645 1.477077 2.9573572 4.114946
0.0569486 0.14298216 0.3273033 0.6816487 1.1360017 1.7735102 2.4906209 3.1936882 3.5628793 3.8679175
0.010609296 0.045084048 0.17901853 0.38835564 0.84849393 1.7320553 2.8414302 4.2791076 6.2028446 7.48143
0.08896553 0.2560785 0.5191881 0.82836443 1.4315786 2.5182767 3.6631243 5.165708 8.120131 9.943819
0.937898 1.1765888 2.3419375 3.151871 3.4990427 4.4229774 5.0046124 5.844738 7.30081 7.6847353
0.019284887 0.09016775 0.2759221 0.6008418 1.0725322 1.5464933 1.8683634 2.2736304 2.45063 2.726884
0.11414477 0.1807409 0.3160509 0.56447273 0.88318694 1.2346203 1.386242 1.5489215 1.696327 1.7804106
-0.016580975 -0.009080115 -0.010885062 0.029389968 0.13844149 0.39725062 0.70769703 0.9962467 1.7616879 2.1989238
0.043255787 0.06623994 0.08706007 0.1213903 0.21426421 0.5322543 1.1449206 1.93889 3.6348937 5.548908
-0.045159336 -0.042394813 0.041853186 0.22495854 0.543669 1.1485542 1.6210126 2.174127 2.7894516 3.043351
-0.08604515 -0.08475809 -0.0739681 -0.07396902 -0.026006661 0.07441532 0.13611755 0.44548714 1.3455179 2.346636
0.035541274 0.038699687 0.062317416 0.08614129 0.1679052 0.42214927 0.68215865 1.0158842 1.421048 1.8683542
0.008838984 0.02078581 0.03581731 0.10681169 0.19072333 0.5064851 0.88359326 1.3198538 1.8787184 2.2227418
0.08505686 0.09340461 0.11513309 0.13805719 0.16674478 0.38973302 0.6178534 0.9048867 1.6519877 3.2789524
0.10375621 0.11147605 0.12968437 0.15938611 0.1725264 0.22017835 0.4311449 0.7425039 1.4356264 3.0762572
0.34213358 0.64179623 1.1537095 1.9054306 2.7334046 3.8751204 4.144836 5.239245 6.214199 6.6450777
-0.029925397 -0.02147665 -0.02903179 0.02482435 0.17305078 0.48303968 0.92997205 1.3594192 2.0048645 2.3834388
-0.016254783 -0.006218318 0.00093407364 0.03876715 0.1647128 0.4766909 1.0110102 1.4941068 2.0775278 2.420907
-0.008828728 0.00054831564 0.015404645 0.056950092 0.16920407 0.47313228 0.95611215 1.4315706 2.0665789 2.3881025
0.00038610975 0.011268269 0.016352193 0.036840916 0.1585545 0.4336053 0.95743257 1.4335817 2.0744534 2.4441228
-0.01601271 -0.015015593 -0.014844685 0.018531088 0.13364059 0.44766918 0.864048 1.3681926 1.9406103 2.3747365
-0.017362472 -0.013119748 -0.005274514 0.047133993 0.18140249 0.50674963 0.93685895 1.6363826 2.5778291 2.9097798
0.16985299 0.17788078 0.19887544 0.26216018 0.3162747 0.54271764 0.8175499 1.2761214 1.7746881 2.218646
0.021898793 0.027634291 0.05353072 0.11681122 0.29377377 0.8015099 1.5494905 2.5337968 3.8738427 4.875028
-0.07445958 -0.06548901 -0.07273118 -0.058415722 0.019131906 0.27443203 0.65242994 1.1559556 1.9625164 2.5673177
-0.04234393 -0.03571118 -0.049084958 0.0045196093 0.07564691 0.23081301 0.3756146 0.56321096 0.8759084 1.1830223
0.0017816509 0.0123291975 0.037241556 0.10820212 0.27061927 0.66646993 1.1136469 1.5898615 2.3018787 2.742884
-0.044465963 -0.042932592 -0.041854583 -0.05191371 -0.033482097 0.0025200192 0.037546128 0.08401125 0.13737285 0.3138068
0.039787732 0.06167334 0.08929453 0.27095783 0.5636834 1.0833832 1.3164088 1.5085553 1.7632209 1.8143458
-0.0334411 -0.011359107 0.01002616 0.056476425 0.09549111 0.18132228 0.39137396 0.7627734 1.6335828 2.3424315
-0.050643727 -0.04046948 -0.03893527 -0.021105316 0.009314299 0.0654908 0.25207698 0.43805787 0.90414387 1.3957075
0.018832443 0.03072253 0.039575767 0.050005954 0.07434518 0.2813329 0.44818234 0.68523836 1.1450337 2.0556042
0.0066396506 0.017373098 0.022789156 0.056356978 0.08991895 0.26024896 0.48188344 0.80753684 1.2723545 2.2268777
0.015075786 0.025561852 0.03738299 0.044861373 0.07236689 0.22658116 0.4307764 0.7314669 1.2125292 2.0369225
0.13493544 0.23246938 0.44627503 0.786705 1.1628678 1.7570661 2.106108 2.718094 3.2517 3.5009704
-0.007865134 0.0027924958 0.018553527 0.05630193 0.14290175 0.3142478 0.6738588 1.4748212 3.0597188 4.7521863
0.010632444 0.020688768 0.032220345 0.08261125 0.18240452 0.39188385 0.82834136 1.6639311 3.2150917 4.662861
0.01079864 0.020468814 0.031622093 0.08629473 0.20609798 0.4324767 0.9307128 1.9163084 3.3036246 4.5971384
-0.012909693 -0.0042582047 0.11397867 0.27362156 0.54784846 1.0331126 1.2211547 1.5314072 1.6640761 1.7137513
-0.0022588926 0.00793106 0.017766418 0.059263997 0.18144317 0.6096772 1.133774 2.0076342 3.1407337 3.921025
0.031770594 0.04205115 0.07063661 0.15857072 0.37430212 0.92825395 1.6774951 2.6120646 3.986996 5.142606
0.06256745 0.07284791 0.09752645 0.1962879 0.39005592 0.9254742 1.6924376 2.6556032 4.0625463 5.1156454
-0.049328715 -0.047795344 -0.03842165 -0.048480794 -0.03004917 0.0059529417 0.04097905 0.087444164 0.14080572 0.31723973
-0.045570187 -0.042457644 -0.03923607 -0.04749648 -0.026471097 0.026589919 0.044724427 0.04749147 0.10562544 0.3750268
0.09239768 0.11655857 0.25315174 0.4577159 0.76277804 1.4693258 2.1061747 3.429022 5.263902 6.091017
-0.027861062 -0.023369052 0.02818977 0.04581984 0.074218474 0.18958417 0.27756995 0.39116377 0.55275 0.56919575
-0.028139155 -0.021121982 0.01889074 0.06382168 0.13507341 0.42107362 0.6838107 1.1604042 1.3531334 1.5104483
-0.073844574 -0.08417178 -0.050514363 -0.0063806707 0.111084454 0.36274955 0.7152716 0.9494421 1.395234 1.7868686
0.012857459 0.026212083 0.027733026 0.020685418 0.08710752 0.23701659 0.54442865 0.90951574 1.5396093 1.7887374
0.06458734 0.12253252 0.3321322 0.70118564 1.2625799 2.1201231 3.0830526 4.1473613 5.5337214 6.491523
0.106836475 0.12388895 0.13773923 0.18462504 0.29913855 0.52448994 0.89076686 1.5470665 2.6508794 4.2299614
0.034234844 0.04616861 0.08140197 0.12970917 0.19498226 0.5272927 1.0131665 1.472043 2.3490932 3.1337764
0.29027015 0.4942218 1.0248975 1.5445228 2.2439535 3.2177272 3.522185 4.2947145 4.8221407 5.374406
0.10189333 0.08583273 0.10168406 0.12845151 0.18579303 0.35274947 0.79193056 1.3379014 2.613818 3.9850855
0.032947335 0.02999518 0.029265512 0.07094304 0.21467048 0.46980518 0.94526106 1.5453031 2.9510531 4.406022
-0.042017106 -0.05047976 -0.055651937 0.061577078 0.15207484 0.5793442 1.1377907 1.7656059 3.161425 4.718905
-0.006348459 0.0018236333 0.049791764 0.16000792 0.32408118 0.78785956 1.1708609 1.6557386 1.9688021 2.296401
0.035240393 0.07058132 0.108709134 0.18492144 0.3623992 0.79013634 1.6816723 2.7196116 4.9973626 5.8350463
-0.048189342 -0.03768593 -0.0387054 0.009089697 0.18642618 0.585622 1.0210158 1.6882343 2.4802806 2.823208
0.2377928 0.36171502 0.7974257 1.0786797 1.4460602 2.0070894 2.2465 2.5410204 2.71502 2.8950808
0.082527325 0.08971122 0.12149424 0.1851965 0.34128642 0.851485 1.49563 2.3570473 3.6112304 4.732507
0.07837527 0.10605562 0.27326557 0.49673665 0.8412227 1.5804479 2.172214 3.1206548 4.1299853 4.414549
0.18461265 0.20326334 0.16093376 0.2342673 0.3537495 0.58648324 1.0450541 1.4393675 1.9313445 1.9628694
0.020762665 0.10300368 0.23088935 0.53150994 0.9831524 1.5970306 2.079132 2.5156627 3.1810918 3.3284726
-0.048252817 -0.032727186 -0.00043157293 0.07556048 0.26945427 0.69010025 1.6308676 2.6982486 4.0983505 4.7789745
0.20400798 0.3143608 0.5177013 0.8491561 1.1029211 1.3624877 1.4127514 1.7305661 1.9476959 2.1797829
-0.019866109 -0.014712806 -0.0029470022 0.03431208 0.119148746 0.3192829 0.7871132 1.222277 2.34797 3.1575935
0.06389961 0.08047969 0.09398167 0.18611707 0.38413447 0.969968 1.8451408 2.9293964 4.429575 5.702198
0.05191217 0.064358115 0.115885824 0.22175138 0.3676215 0.71144533 1.5097897 2.7442114 5.217502 7.228234
0.068456806 0.17393121 0.37793994 0.84640193 1.9059588 2.342965 2.6473231 2.709334 2.498337 2.6314056
0.014249001 0.09126273 0.28755766 0.6069684 1.1661692 1.9712311 2.8064554 3.8655372 5.27936 6.321168
0.051129352 0.06068701 0.053345338 0.072347134 0.17526504 0.27351725 0.44722965 0.74845964 0.97647256 1.1087893
0.008218351 0.015535265 0.039441 0.090342544 0.20352675 0.49663815 0.79238725 1.2863173 1.8183409 2.2427964
0.03269296 0.074253805 0.23069794 0.40831625 0.8147221 1.554219 2.9208105 4.3150725 6.876644 9.53745
0.12507431 0.2313851 0.44136328 0.84859484 1.4381108 2.3258147 3.0766973 3.9054317 4.5555515 5.334434
-0.015607552 -0.012369903 0.00011542472 0.005750121 0.077010036 0.2841815 0.5384613 1.0062754 1.790569 2.2747476
-0.031385083 -0.01325685 0.0036530972 0.08225022 0.20411634 0.6936397 1.3393748 1.9043778 3.5306628 5.1817
1.4204761 1.6617988 1.8794008 2.2292914 2.5598838 2.938453 2.9563117 3.6045496 4.0633073 4.283005
-0.057450473 -0.050032314 -0.0320721 -0.0032979492 0.018321248 0.17939976 0.37221184 0.6817778 1.5562829 3.3744843
-0.04591648 -0.03953405 -0.026747463 -0.0066262055 0.05526155 0.3671406 0.41499954 0.7345908 1.6776261 2.7185333
0.031806413 0.038129676 0.0457144 0.077249944 0.17899874 0.40819997 0.68550193 1.1316164 1.2473763 1.3831068
-0.124945894 -0.11385093 -0.11447745 -0.106618404 -0.048209865 0.05951291 0.24792735 0.40758577 0.7971764 1.1138453
-0.116957806 -0.11154585 -0.1121724 -0.10201686 -0.043608326 0.054650124 0.24099247 0.4006509 0.7924886 1.1091579
-0.12858929 -0.123177424 -0.12375061 -0.1136772 -0.05922586 -0.0053230063 0.12798524 0.35718098 1.0409572 1.4077535
-0.07214866 -0.065370195 -0.05828082 -0.034820456 0.042104658 0.16166629 0.37903556 0.60668623 1.1543871 1.456519
-0.030548997 -0.021523535 -0.0035577533 0.02316239 0.05600611 0.11720436 0.21680641 0.6448469 1.6973649 3.3348236
0.031389907 0.04946285 0.1435603 0.30066952 0.54847556 1.0752665 1.2566768 1.5589198 1.9140859 2.006002
-0.017889252 -0.048482064 -0.0036627753 0.057384014 0.16466314 0.44617048 0.9083072 1.4511532 2.5560389 2.7749636
-0.15474485 -0.15146238 -0.14303483 -0.13302597 -0.094889455 -0.0016033646 0.25999668 0.45740882 1.1729215 1.877563
-0.050259747 -0.040192593 0.07483332 0.13693708 0.2549966 0.39009643 0.6959643 1.0135659 1.7752647 2.3270018
-0.030816205 0.011497811 0.07326511 0.18573108 0.2650138 0.4924259 1.4461738 2.533187 5.0061626 7.2092214
0.023877576 0.02666307 0.056262657 0.10702582 0.24591011 0.45198476 1.0387402 1.7063258 3.806388 6.2338715
0.02742743 0.039853524 0.06274497 0.13355571 0.28117087 0.5360549 1.0486628 2.1556873 4.0788126 6.0513635
-0.047906935 -0.04649346 -0.022443675 0.0587462 0.23590729 0.6027292 1.1513699 1.880096 3.0062647 3.4378726
-0.027282108 -0.021195019 -0.025316758 0.024508245 0.115712434 0.34029967 0.6095881 1.1961359 1.9775832 2.5495138
0.087235875 0.18967657 0.49395493 0.77142435 1.0964338 1.6297439 1.7498738 2.054615 2.8466163 3.2747176
-0.018482171 -0.015369674 -0.026146866 -0.0474368 -0.01344079 0.039149683 0.03175384 0.014584136 0.055085618 0.11607395
-0.0071256114 0.06283759 0.28087914 0.6305943 1.1901929 2.0225742 2.810896 3.6131318 4.9362884 5.783176
0.07307 0.086644284 0.12346001 0.16854022 0.22612652 0.43072182 0.5976886 1.058287 2.159283 3.6275399
-0.049251664 -0.027154839 -0.004441772 0.057742562 0.15928839 0.2513034 0.6334098 1.1582289 2.5671098 3.54255
0.07141215 0.07755152 0.11818667 0.15533848 0.22805297 0.3781043 0.5997626 1.0367359 1.412308 1.7470593
0.2859219 0.43594515 0.78672415 1.1453314 1.5738515 2.0768065 2.3025618 2.576213 2.7743819 2.8907027
0.29048893 0.4405119 0.79176587 1.1914755 1.5920367 2.1500428 2.409105 2.8229241 3.1596138 3.4436045
0.026087362 0.043095015 0.19286242 0.3947741 0.7528514 1.6266172 2.6360998 3.8782985 5.2148385 6.0475526
0.089685 0.11043644 0.15413103 0.21055187 0.29874822 0.51386863 0.6571925 0.77671534 0.9980836 1.20511
0.09290067 0.10753667 0.11187307 0.1576886 0.26811528 0.5143587 0.6817101 0.8294154 1.2600689 1.4418459
-0.041461464 -0.033843484 -0.014833277 0.057867628 0.19952029 0.48258793 1.0160869 1.7684352 2.825297 3.099706
0.030206932 0.047702033 0.043770023 0.08789843 0.23521908 0.39221624 0.9120532 1.6743704 3.3776093 4.9753623
0.04557842 0.057803646 0.08481545 0.1593684 0.307544 0.70459443 1.2856524 2.2722647 4.3882494 6.199294
0.010170174 0.029733172 0.024593323 0.09007548 0.21297011 0.51400363 1.119681 1.9820774 3.7001643 5.453544
-0.06904034 -0.058153573 -0.056982744 -0.042653855 0.0028653056 0.10295395 0.12876782 0.4356333 1.674336 3.387884
-0.012687117 -0.0022010559 0.0016240955 0.010215251 0.016373472 0.23702526 0.37336576 0.516701 0.97999644 1.4988703
-0.0024196291 0.008066431 0.015557475 0.021811437 0.029201161 0.22198416 0.35371885 0.47632474 0.94591093 1.5250351
0.002283162 0.008935249 0.016312618 0.024754155 0.032369517 0.27398786 0.4219119 0.5452822 1.0211415 1.6061593
-0.048398934 -0.039478008 -0.03441238 0.022550983 0.09521646 0.34326363 0.83464515 1.702902 3.405651 4.7615514
-0.039736923 -0.03246784 -0.032616865 0.0022336927 0.049402066 0.20188382 0.465996 1.2352253 2.5887897 3.807267
-0.019952163 0.07718787 0.33081272 0.7216111 1.3183975 2.0228622 2.9266448 4.019974 5.163902 5.578982
0.031109868 0.03649836 0.04964714 0.07688576 0.16971295 0.38848427 0.6932063 1.2346644 2.833837 4.613028
0.0030739927 0.010343046 0.013770032 0.05344907 0.08134278 0.23244181 0.49066475 1.0748938 2.3814461 3.8812783
0.015360273 0.026858779 0.049419805 0.08423823 0.11717656 0.257009 0.68397444 1.4299704 3.4408019 5.8932753
0.47835228 0.70775235 1.3132246 1.8357537 2.7813265 4.1000085 4.694192 5.4141693 7.018344 7.8523006
0.01556754 0.031486966 0.085429594 0.18579791 0.25592428 0.42382964 0.68315136 1.5451956 3.1095226 5.8153505
-0.0020181285 0.0069817584 0.030912615 0.0888066 0.13680193 0.3157365 0.6189854 1.4407443 3.6614645 6.1298637
-0.041406162 -0.030691197 -0.020889482 0.009380962 0.023566946 0.10191298 0.20554593 0.5623361 1.2837545 2.9257672
-0.031264856 -0.018700765 -0.010282985 0.015075081 0.024129437 0.056912217 0.1953639 0.46373543 1.1614282 2.7478545
-0.041081227 -0.04086868 -0.042749137 -0.05280826 -0.034376655 0.0016254726 0.010194359 0.019095693 -0.0027131194 -0.008304524
-0.031416472 -0.028016642 -0.02651494 -0.035673946 -0.0047546537 0.03378605 0.080401525 0.36982167 0.50436556 0.81865484
0.03705574 0.085274905 0.21874587 0.40430978 0.69605356 1.3336717 1.7904683 2.5581074 3.469202 3.8365805
0.01627309 0.035678357 0.16099474 0.34147933 0.64419985 1.2944975 1.749942 2.5791576 3.5894008 4.0116954
0.1992543 0.35971436 0.8542894 1.2530746 1.8305366 2.8314128 3.223387 3.9627924 4.7690573 5.2184877
0.05692933 0.057264827 0.075114205 0.07821847 0.10534681 0.16978759 0.27474293 0.41778627 0.7236796 1.0537527
1.1403565 1.299223 1.4789279 1.5126152 1.6201296 1.7107797 1.8149096 2.2030625 2.6096878 2.5593004
0.039966382 0.07054318 0.17982237 0.19446379 0.26493984 0.40414226 0.6330314 0.67471427 0.8663789 0.8994675
-0.026753811 -0.012395973 0.0033186793 0.063794106 0.25089726 0.617069 1.4463675 2.441663 4.5936418 6.058461
0.012719103 0.035192493 0.072663486 0.18242173 0.27751574 0.5628252 1.0414757 1.7424847 3.4482832 5.6956406
-0.023112504 -0.016508251 0.013694037 0.06807704 0.20939748 0.6376363 1.2485127 1.9593319 2.9032683 4.2320642
0.22417995 0.5568303 1.1585891 1.9626648 2.659277 3.8817503 4.518481 5.315862 6.296326 7.015304
-0.024896877 0.019415487 0.15860924 0.33159888 0.72634625 1.4102684 2.3358119 3.5724974 4.6942825 5.7262735
-0.014107628 0.0009898843 0.019773334 0.02782168 0.0702239 0.10447069 0.28925967 0.9608275 2.295111 4.348344
-0.036546342 -0.021318125 0.012870149 0.058563944 0.2000807 0.53750205 0.9588901 1.2917033 1.8605992 2.1849976
0.037547078 0.100285016 0.2381781 0.39693004 0.74876004 1.5263276 2.5082214 3.5716445 4.794424 5.504948
-0.0027111522 0.006439167 0.038848337 0.12331868 0.2930578 0.6887168 1.3309329 2.2421649 3.711616 4.907101
0.08820526 0.117701076 0.28739968 0.5166878 0.88059014 1.6011813 2.1646676 2.826014 3.7836502 4.1193047
0.03727521 0.052009366 0.08959229 0.13477023 0.2794699 0.72164893 1.4225113 2.1415932 3.5386345 5.095661
-0.064010784 -0.059251722 -0.058032017 -0.026390797 0.050340746 0.1962966 0.40886042 0.6283638 1.133128 1.3909506
-0.07968322 -0.07492411 -0.074359186 -0.049378783 0.016033974 0.13052572 0.31745794 0.5363815 1.0441616 1.3293535
-0.097164065 -0.08660718 -0.08532281 -0.06250188 0.005589861 0.12314065 0.3226547 0.6434796 1.368007 1.7804159
-0.05692074 -0.051082637 -0.031284124 0.010252204 0.13485368 0.38482052 0.70392716 0.91938543 1.4675565 1.7063478
-0.07216829 -0.06538983 -0.06230986 -0.045667388 0.022563858 0.12768914 0.35024816 0.5758623 1.1221826 1.4180335
-0.0900144 -0.0841763 -0.07321372 -0.027242374 0.056923892 0.28863513 0.5381143 0.7338557 1.3323267 1.5449784
-0.06521427 -0.05843585 -0.055355858 -0.036288533 0.032767765 0.14999859 0.35801664 0.58686113 1.1403056 1.4376591
-0.022189492 -0.013300143 -0.002667821 0.050339017 0.17817767 0.5182808 1.0659417 2.0258586 3.6533692 5.626729
0.0046449364 0.0250687 0.14116918 0.34742227 0.61681026 1.2194328 1.7448967 2.5088375 3.3971062 3.7832124
-0.055877592 0.022133142 0.18256597 0.5071469 0.96628636 1.4871297 1.7809396 2.182546 2.7071562 3.062528
-0.0051902044 0.0066172653 0.021590034 0.044926602 0.09872306 0.2927447 0.39520824 0.6283346 1.1302047 1.1794164
0.017252127 0.024406288 0.02899259 0.07679176 0.14129314 0.3118339 0.57795304 1.2749864 3.2529106 5.3715487
-0.025917416 0.0105254995 0.08431615 0.10661596 0.1419498 0.22616628 0.39463958 0.5585131 1.3564409 2.1876152
-0.062120076 -0.056468666 0.04588412 0.22243443 0.5972107 1.3467209 1.9387757 2.6350815 3.643011 3.9365244
-0.10198865 -0.09234228 -0.0994591 -0.048253234 0.124251015 0.6364336 1.2861809 2.0029976 3.1353111 3.929987
-0.05886997 -0.052345037 -0.03433122 -0.01871864 0.021955846 0.12138993 0.46121874 1.0358022 2.894573 5.294611
0.11171965 0.1775505 0.34480804 0.59460956 1.0586433 1.9708049 3.4027112 4.8483815 7.147876 8.386398
-0.021968339 -0.021576589 -0.009880606 0.027045622 0.11186189 0.3379059 0.82490796 1.4107866 2.6318111 4.1652975
-0.031406395 -0.014611936 -0.004047793 0.10156499 0.32568923 0.67872435 1.383701 2.1228518 3.7617314 4.3376575
0.0060097906 0.016495869 0.025879003 0.033563107 0.06175341 0.23585637 0.36305633 0.57132465 1.058276 1.8441768
-0.027632633 -0.022810662 0.003467475 0.041898843 0.1632251 0.43396604 0.82257164 1.6670524 3.3553765 5.115012
-0.0033290735 0.009155582 0.13230458 0.33049315 0.6057772 1.2081423 1.5456166 1.9973563 2.3545582 2.5602455
0.1021578 0.17429234 0.36722508 0.7023941 1.1377994 1.7787398 2.2049525 2.4472923 2.826491 2.9657104
-0.0025762683 0.06787585 0.21502313 0.5262199 0.9598893 1.4987596 1.7392306 2.1914504 2.5068219 2.7306752
-0.04823993 -0.036688406 0.060426783 0.2676293 0.5347974 1.1838049 1.6051682 2.0117579 2.285522 2.4634702
1.2565192 1.4792879 1.7697141 2.0405388 2.1618903 2.3759258 2.5133002 2.6988623 3.055925 3.293867
-0.020789173 -0.02190784 -0.025827603 0.030085001 0.16982281 0.5848781 1.2102319 2.1364918 3.5578623 4.843239
-0.04819516 -0.05190022 -0.041077837 0.017187674 0.25110564 0.6691641 1.3543277 2.2017798 3.8029878 5.010726
-0.012207986 0.008563227 0.036875896 0.15631251 0.3259202 0.8082021 1.7150321 2.8641663 4.9983582 7.06914
0.019394716 0.026997952 0.049991574 0.14437371 0.26873666 0.6910378 1.3248422 2.2198124 3.7822156 5.2971673
0.004369481 0.017897522 0.047943298 0.09267125 0.23103157 0.66733956 1.3243693 2.2833216 3.7711582 5.537629
0.059557114 0.09381157 0.24343921 0.41279566 0.7749298 1.6235229 2.6934443 3.9868937 5.1605387 5.8430967
0.041022208 0.056736637 0.06777159 0.114048444 0.2620912 0.73877674 1.384052 2.3031263 3.7120895 4.9818645
0.08083311 0.09704079 0.1360701 0.22389369 0.40473393 0.8318644 1.502912 2.2608492 3.5749376 4.6401076
-0.067258775 -0.0680173 -0.045929823 -0.04381677 -0.027944393 -0.068622164 -0.059081286 0.26509783 0.90865237 2.1666808
-0.07937064 -0.073543124 -0.042583775 -0.036496036 -0.0139691215 -0.06447586 -0.054934967 0.25891683 0.9252998 2.2586706
0.039119925 0.059506167 0.19919753 0.38842896 0.754153 1.477043 2.3113716 3.5757287 4.8125143 5.9298096
-0.03242446 -0.022802291 -0.013419175 0.008325105 0.023423944 0.24448533 0.41941985 0.58358234 1.08057 1.6124084
-0.0053691585 0.0020858091 0.027463315 0.055440273 0.22276847 0.4994224 0.8635859 1.4257723 2.2363217 2.7273185
-0.005729715 -0.0007364001 0.011792897 0.04999965 0.10607894 0.27699995 0.52049226 1.1315973 2.4299755 4.608146
0.014725093 0.020508124 0.030212548 0.06964965 0.15055254 0.4154141 0.5554696 1.1217964 2.5651329 4.5516906
0.032838497 0.039069515 0.078137204 0.14213395 0.3013334 0.52672935 0.9650322 1.4804926 2.220422 2.7074702
0.033569463 0.0387359 0.05341971 0.08590161 0.22343698 0.4019336 0.8052969 1.2625549 1.9487655 2.4587834
0.07277569 0.09602398 0.11320171 0.23625782 0.30291063 0.6625979 1.2593129 1.7727602 3.1406515 5.1931076
-0.006550657 0.001392106 0.018760605 0.037494235 0.07259869 0.2375492 0.5025617 0.96468854 2.235245 3.850351
-0.014713568 0.0152721945 0.14938031 0.34049848 0.6439593 1.2684946 1.8143337 2.8971486 4.242207 4.8628836
-0.018759197 0.010252344 0.117749415 0.29629308 0.63984215 1.3896736 2.2118251 3.4323502 4.6955442 5.6604743
0.011583246 0.017218783 0.003227996 -0.005603138 -0.02996385 0.075511925 0.0654973 0.052691624 0.5319771 0.7399663
0.06207219 0.06371135 0.07812352 0.11643869 0.24693967 0.6079287 1.065404 1.5785321 1.8593475 2.1966445
-0.03485788 -0.02792016 -0.06451331 -0.0066642407 0.06319636 0.34076133 0.65545297 1.0504079 1.3520209 1.4464663
0.17812131 0.2844496 0.48940417 0.7816109 1.0482657 1.3158094 1.5171587 1.7232971 2.0566754 2.1135385
0.053385153 0.06028458 0.07702729 0.104874454 0.14629127 0.33111906 0.37601447 0.5244972 0.82736814 1.2354866
0.0071464246 0.017632497 0.031224769 0.038908903 0.055245418 0.23225555 0.38822192 0.57475716 1.061426 1.7787342
-0.016311908 -0.006938754 0.002614863 0.024704201 0.050602134 0.32180747 0.44010535 0.61175543 1.0674604 1.6484377
0.18588464 0.37769267 0.80653673 1.1752636 2.0937724 3.322314 4.043137 4.9162426 7.298675 9.295576
0.17799632 0.28399625 0.52539027 0.87304837 1.2887484 1.9723655 2.4040647 2.794852 3.0786486 3.340131
0.038532715 0.07770182 0.25243902 0.41455474 0.81903046 1.5389661 2.116685 2.5314205 2.8990974 3.2385757
0.19601624 0.2961234 0.5458827 0.9068634 1.3453659 2.0285504 2.6705225 3.13946 3.4431267 3.6913612
0.17656189 0.28496954 0.5425907 0.8993123 1.3010881 2.001712 2.4207368 2.8530252 3.1408374 3.34843
0.10604394 0.19565848 0.3799052 0.70806897 1.1952034 1.9251716 2.3535619 2.7386453 2.9095404 3.1524644
0.05374969 0.06914425 0.0892631 0.17748886 0.29131612 0.5948308 1.0655601 1.8451715 3.4415607 5.1627426
0.058124315 0.07286345 0.117561325 0.2033453 0.32162905 0.73946065 1.3287067 2.265577 4.398996 5.9975705
0.03366917 0.04563987 0.12529296 0.31942877 0.5330819 0.9885767 1.80218 3.0138774 5.4270725 7.2874703
-0.0251622 -0.015543896 0.002031327 0.044928603 0.12651046 0.21328066 0.58047444 1.2207053 2.6147766 4.4519906
0.06787535 0.08819761 0.22753957 0.4377352 0.7666097 1.5313708 2.1215048 2.9036953 3.8937657 4.132808
0.030681865 0.038767617 0.069761544 0.1192268 0.29102775 0.6502854 1.0047841 1.5185694 2.2407074 2.3887453
-0.042187423 -0.010595923 0.117841214 0.34006834 0.76414144 1.5596874 2.4109387 3.0127838 3.4756923 3.8126664
0.07918682 0.11118371 0.23378403 0.38369983 0.72715026 1.427365 2.301138 3.185782 3.9585574 4.204507
-0.059208672 -0.059970785 -0.056657627 -0.035730936 -0.014880193 0.077912375 0.20691454 0.47562975 0.7305022 0.8244518
-0.0077274153 -0.004789667 -0.011365844 -0.012625943 -0.002360397 0.04663639 0.06947867 0.059893236 0.23581015 0.26118284
-0.015330445 -0.014246273 -0.0059326836 0.006275275 0.07167543 0.2345351 0.41246486 0.8830994 1.777477 2.6828213
-0.00073984935 0.009368921 0.023058051 0.05059192 0.11700227 0.26047924 0.5023942 1.1847908 2.633792 4.217784
0.04038885 0.048782464 0.072866894 0.15493412 0.37118095 0.927956 1.5995835 2.3090422 3.4754887 3.9651625
0.016223414 0.022713318 0.035370782 0.091511466 0.13949221 0.23546803 0.47945854 0.8042683 1.8068869 2.877684
0.04239443 0.067756094 0.086393595 0.10698765 0.14693171 0.33556265 0.58642775 1.2008522 2.23925 4.139965
-0.0044114594 0.01146371 0.02914714 0.03682723 0.0927797 0.14233147 0.23360397 0.32638425 0.5681383 0.80997807
0.03399022 0.14948343 0.38577107 0.6983184 1.0882922 1.677029 2.045028 2.3734756 2.8013434 2.9050465
0.041981407 0.055119935 0.08555387 0.16605979 0.2831216 0.81300086 1.3334783 1.9847069 3.0183802 3.7957785
0.14386696 0.22318427 0.45313767 0.7633841 1.163969 1.8909111 2.5123348 2.998591 3.5650778 3.8424559
0.06930501 0.08275759 0.09959095 0.19515266 0.36049742 0.8303099 1.3184798 2.0595737 3.5780506 5.363408
-0.025411481 -0.017355463 -0.0024691843 0.020546459 0.046281107 0.15524434 0.18765317 0.4922208 1.454327 2.8711722
2.0062897 2.127388 2.1423101 2.400193 2.4677722 2.5647428 2.6915052 3.1425498 3.4627268 3.4507966
0.101424746 0.10912662 0.13182408 0.16584319 0.3441521 0.6793514 1.1773759 1.9206706 3.886469 6.0482936
0.40208524 0.61197954 1.1927491 1.6938261 2.191153 3.1386786 3.7280078 4.8360343 6.303679 8.039444
-0.019359484 -0.009280897 0.00874626 0.04772344 0.24029645 0.52458745 0.847474 1.0274158 1.490982 1.8272302
-0.035849165 -0.0344635 -0.023661686 -0.007163792 0.102569655 0.3148093 0.67933375 1.3128469 2.5605354 4.141505
0.10219331 0.1400041 0.2097307 0.2778492 0.48635396 0.9309012 1.9239455 3.0986319 5.8913646 8.762492
0.06218826 0.073862575 0.20776224 0.3749284 0.6635639 1.215038 1.6277589 1.9809625 2.380368 2.709846
0.008000653 0.014754128 0.04262166 0.05850482 0.13141386 0.19044115 0.3553524 0.71731853 1.2907279 1.7367798
-0.009999543 -0.0013108874 0.024096165 0.06438861 0.17848693 0.712626 1.216084 1.9212898 2.8728726 3.4103727
0.020352857 0.006702882 0.009082217 0.037520234 0.119411305 0.28181338 0.62665755 1.2931195 2.520845 3.4710298
-0.013775164 -0.008185237 -0.00059404934 0.020175124 0.08894498 0.17719334 0.5314909 1.2043698 2.5626273 3.959433
-0.021223089 -0.008180548 -0.00025579642 0.05603544 0.16061878 0.32451153 0.71613795 1.5933759 2.4993818 3.6200054
0.005229637 0.018624472 0.030072354 0.058707982 0.15349151 0.3348975 0.5709277 1.2999475 2.363768 3.510594
-0.0033112264 0.0015094504 0.0017358696 0.017849296 0.110805705 0.28889543 0.6785477 1.613823 2.9249396 4.5750666
0.255443 0.5301617 1.1792535 1.7951499 2.240187 2.953947 3.2145915 3.9285848 4.9640326 5.482589
0.030788805 0.042976167 0.0659059 0.10220076 0.22150722 0.49813485 0.8243134 1.0699558 1.3074313 1.3870324
0.06050183 0.10373862 0.16565743 0.25086293 0.4165024 0.82021236 1.6086313 2.5702093 5.0546746 7.784291
-0.012517528 -0.007976989 0.0071271397 0.02795093 0.04227497 0.14278944 0.24348263 0.69358474 1.9769363 3.2673788
0.09416851 0.18237618 0.35013953 0.7455095 1.2937258 2.3069332 3.3701758 4.468175 6.293765 7.192177
0.09022621 0.16273277 0.3561242 0.63675433 1.1122295 2.1449854 3.1818752 4.408326 6.86476 7.3601675
0.04939451 0.1421966 0.31274194 0.58673567 1.0181016 2.0058107 3.08276 4.23852 6.719867 7.2705092
0.22840819 0.42753038 0.8626051 1.2146628 1.5055759 1.7817893 1.8887268 2.0983207 2.3277678 2.3639524
0.07898943 0.152284 0.3639328 0.7140816 1.1659081 1.747979 2.237698 2.473122 2.8188055 2.898421
-0.07310209 -0.031606145 0.08316276 0.24873899 0.59418786 1.1925126 1.6229465 2.1789818 2.4376507 2.738015
-0.04399653 -0.04395248 -0.053224146 -0.03058075 0.080015324 0.36064819 0.7792629 1.044106 1.3836502 1.4999923
0.06879744 0.07399324 0.11887316 0.15590948 0.28933433 0.48894727 0.9712898 1.9878879 3.5409956 5.4357505
0.0102067655 0.023523994 0.038114365 0.05517903 0.09707601 0.22632451 0.37845302 0.97487754 2.1900938 4.2839518
-0.0005916606 0.008558013 0.03337932 0.094784655 0.27437717 0.7515569 1.3213477 2.2972012 3.4908748 4.385666
0.038557407 0.041845523 0.058004204 0.09357255 0.21811534 0.5061714 1.0335151 1.701132 3.046108 4.382083
0.2633087 0.48859024 0.82930183 1.0564429 1.289972 1.5593793 1.6471695 1.645418 1.7417754 1.7950695
0.006049958 0.017309489 -0.008740116 0.043092474 0.15696095 0.4849525 0.9061364 1.336043 2.1337676 2.5727322
0.06817225 0.10243056 0.23651314 0.44653225 0.8070341 1.6779892 2.5763423 3.7936223 5.228352 6.272
-0.045987982 -0.033474382 -0.010838213 0.056043155 0.1731609 0.4220029 0.7239772 1.5215231 2.6313906 4.032877
-0.0405884 -0.03792806 -0.087898724 0.0050444896 0.12796544 0.43288064 0.8219417 1.1553398 1.5387673 1.8006582
0.07834497 0.17229077 0.43756554 0.6929462 1.169769 2.0385783 2.5195389 3.099761 4.1222863 4.394292
0.09902563 0.15794 0.3259585 0.6135954 1.0363327 1.8092433 2.544873 3.2706797 3.9323015 4.4002023
0.11059138 0.18836787 0.35078412 0.6459547 1.0391924 1.4159251 1.6101412 1.8627759 1.8590119 1.868678
0.009931929 0.019628167 0.030259233 0.07507369 0.16934639 0.41687885 0.73802453 1.6579884 2.5740337 4.063579
-0.10752733 -0.08226941 -0.030903134 0.09033843 0.3289531 0.7325276 1.5511409 2.761126 4.512379 5.721149
-0.060141105 -0.029687136 0.03429556 0.06748325 0.18493484 0.40170303 0.6539482 0.8452558 1.3007653 1.4850605
-0.012681031 -0.027424613 -0.017571138 0.026283467 0.123840146 0.35689467 0.6600485 1.0460968 2.571115 4.150849
-0.007398799 0.001277742 0.024112659 0.065200225 0.13859217 0.33093098 0.69299585 1.1095659 2.5685809 3.9494991
-0.06832589 -0.060578343 -0.03758115 -0.015679501 0.059565455 0.2014154 0.49262223 1.017403 2.305123 4.0793076
-0.043980576 -0.040508226 -0.037935782 -0.019797647 0.003983214 0.116878316 0.2291797 0.4089345 0.523838 0.8364573
0.0024044635 0.012513235 0.025746241 0.052408583 0.09137868 0.2740701 0.5254523 1.2088591 2.5080056 3.6661613
-0.045434136 -0.048312116 -0.047918662 -0.064509355 -0.035214275 -0.033721123 0.036721744 0.36346444 1.1364399 2.1787457
-0.06934878 -0.060482908 -0.056272298 -0.018924722 0.061148237 0.18354753 0.3285084 0.5536324 0.90267265 1.0844725
-0.016387805 -0.0046707606 -0.011028322 0.040499065 0.18541732 0.51577204 1.0992137 1.5472904 1.8777369 2.2744973
-0.043337315 -0.04312476 -0.0423774 -0.050637823 -0.029612467 0.0064883553 0.016503861 0.009612791 -0.010839017 -0.0028222045
0.07581599 0.08532468 0.098584 0.14864969 0.30499613 0.71924734 1.429687 2.089695 2.9214756 3.2805622
0.01624568 0.030207746 0.0759452 0.15847363 0.37833852 0.8779873 1.5485615 2.2576795 2.7226386 3.1894274
0.059915125 0.1375502 0.3251837 0.65529734 1.0587296 1.7398092 2.3687189 3.3545194 4.5175624 5.262447
0.008154913 0.024701525 0.16341516 0.34207085 0.63361675 1.1833285 1.4491221 1.6001523 1.8131838 1.8410603
-0.01995096 -0.013324255 0.030826813 0.12336322 0.19757387 0.21301523 0.28063065 0.6512004 1.9979472 4.071308
-0.057217218 -0.056858804 0.023261337 0.17178357 0.42307952 0.73524916 0.84189785 0.982726 1.2761208 1.3298215
-0.022523683 -0.02046651 -0.021792244 -0.008174001 0.057860967 0.22866455 0.44178295 0.88103384 1.6557395 2.0881147
-0.001354198 0.0036391167 0.016168425 0.051783238 0.10803443 0.2809648 0.524457 1.1512623 2.4677203 4.700506
-0.051030036 -0.043971244 -0.037636735 -0.00028793915 0.08076412 0.23415105 0.46975693 0.8182358 1.9498585 3.875103
-0.00691914 -0.0005621728 0.030903675 0.117849894 0.28564313 0.56415707 0.91336584 1.3874025 2.1599371 2.5386233
-0.03662646 -0.027695915 -0.0034538885 0.027413838 0.1019696 0.26725015 0.4232486 0.5656043 0.73522466 1.0475003
0.01178098 0.020334437 0.04251517 0.07352121 0.10183805 0.19206409 0.29191816 0.50903237 1.1443949 1.9341527
0.2924831 0.48355123 0.8851158 1.1961008 1.4448868 1.6473339 1.7787904 2.1601691 2.4353294 2.4236248
-0.037473343 -0.030694788 -0.006294505 0.01977093 0.13681066 0.35249993 0.71702677 1.2620238 2.4428158 2.8039086
0.044774286 0.048430864 0.05737217 0.07220114 0.09262013 0.13696617 0.16580492 0.32669827 0.8980598 1.786433
0.06818525 0.076472566 0.09556562 0.16684124 0.25100738 0.51570475 0.95543104 1.7325631 3.354375 4.836528
0.14854121 0.2925952 0.5164492 0.7927626 1.1952156 1.6120046 1.8972684 2.2424963 2.2632473 2.3581693
0.10378919 0.14000498 0.26445168 0.4020032 0.6959738 1.2020189 1.466848 1.7772555 1.8440405 2.1904557
0.055041563 0.061417304 0.07795553 0.11992855 0.20221624 0.43739814 0.9265984 1.5680474 2.9814649 4.714486
0.016893804 0.029543241 0.044025 0.092236266 0.25736144 0.6600835 1.3117535 2.2869716 3.8247335 5.043373
-0.026005756 -0.018739328 -0.0035713986 0.023011742 0.061384138 0.121678054 0.21911365 0.60914266 1.2507846 3.0210724
0.004944984 0.03812703 0.09315941 0.18921208 0.2567743 0.4751838 0.8169881 1.2561845 2.455021 4.225008
-0.024837453 -0.015018202 0.003377163 0.059231155 0.14849801 0.2675037 0.47798038 1.0573814 2.3011012 4.2451887
