0.00056607457 0.0011990836 0.003043715 0.00662886 0.012468663 0.030949261 0.061174832 0.115350455 0.28110704 0.54985327
0.00065738434 0.0012460811 0.0032588688 0.0073616067 0.013469737 0.03431256 0.06602395 0.12562615 0.30967975 0.60224706
0.0001184403 0.00023045416 0.0005371796 0.0010572058 0.0020845195 0.0051605604 0.010422627 0.021220474 0.05084788 0.102600865
0.00036152572 0.000710833 0.0017721253 0.0036290227 0.0071217343 0.016638601 0.03574864 0.070005484 0.1712106 0.32174245
0.00016759725 0.00032775363 0.000822135 0.0015732691 0.003107577 0.007705892 0.01528462 0.030585703 0.076451525 0.14459485
0.00026490883 0.000519654 0.0013517991 0.0026309532 0.005269818 0.012992632 0.0262713 0.05077135 0.119893126 0.2232741
0.0004318239 0.0008566828 0.0021181041 0.0042742165 0.0085266335 0.02155526 0.042340584 0.08334727 0.20338885 0.36669233
0.0004318239 0.0008566828 0.0022218758 0.00440962 0.0085266335 0.021890057 0.043349367 0.08318284 0.20258321 0.36800653
7.8228884e-05 0.0001267423 0.00025629558 0.00053781056 0.001010675 0.0022628435 0.004828092 0.0089748055 0.02237126 0.044223074
0.00043879406 0.0008907757 0.0022218758 0.00440962 0.00894774 0.021892926 0.044290975 0.08837907 0.21767196 0.43942857
0.0002824012 0.00055375416 0.0013517991 0.0027505364 0.0055599734 0.013473313 0.026494388 0.05327267 0.12452271 0.24629174
0.00022618774 0.00044661478 0.0011138443 0.002223027 0.004481342 0.010959096 0.021739773 0.042080965 0.10098147 0.1988038
0.00038472607 0.0007782639 0.0019704062 0.0039806953 0.007896045 0.019734299 0.03909983 0.07717233 0.18960938 0.3714022
0.00032716352 0.0006185082 0.0015407468 0.0031693878 0.006241848 0.015868023 0.030783396 0.06282431 0.15231809 0.29461673
0.00030704326 0.0006185082 0.0015140262 0.0029334696 0.0059815287 0.014919507 0.029921602 0.060185585 0.14591585 0.2833637
0.00033235794 0.00064301223 0.0016157296 0.0031750978 0.0065573514 0.015686946 0.03152744 0.062338945 0.14149691 0.2755736
0.0006138498 0.0012661335 0.0032286576 0.0069964365 0.013232815 0.033125795 0.06455692 0.12179368 0.29941565 0.57758874
0.0007056808 0.0015018354 0.0036873524 0.008064098 0.015274944 0.037654348 0.074224174 0.14078683 0.3469077 0.62409323
0.00024230398 0.0004918475 0.0012334157 0.002418309 0.004911821 0.012406124 0.023998998 0.048842322 0.117606446 0.23358294
0.00056607457 0.0011990836 0.003043715 0.00662886 0.012468663 0.03089166 0.060255595 0.11299044 0.26840934 0.47856873
0.0005037204 0.0009783641 0.002475138 0.005616078 0.010281229 0.025742918 0.050912946 0.09693706 0.24047002 0.4549384
0.00020271858 0.00041094504 0.0009841623 0.0019945742 0.004011362 0.009598367 0.019176034 0.03770668 0.08985263 0.14964575
0.00078773254 0.0014950741 0.003808335 0.008504794 0.016514467 0.041055784 0.07946489 0.15337609 0.3650952 0.67103475
9.657444e-05 0.00017128007 0.0003942453 0.0007796218 0.0014946334 0.0038649538 0.00709374 0.014563116 0.039505124 0.06951103
0.00538382 0.010929194 0.02728952 0.05207972 0.10246083 0.23608255 0.4438028 0.7218075 1.1021901 1.4049697
0.00030704326 0.0006185082 0.0015407468 0.0030885187 0.0061655627 0.014949005 0.030199436 0.059630927 0.14462402 0.28019494
0.00036152572 0.000710833 0.0017721253 0.0036290227 0.0071217343 0.016573885 0.035157308 0.06953486 0.16633452 0.32593912
0.00018604744 0.00037006452 0.0008921047 0.001781115 0.0037525953 0.00916784 0.018076226 0.036130592 0.085539795 0.16823481
0.00019359025 0.00038360778 0.0009368079 0.0018710956 0.0037525953 0.009212269 0.018522276 0.036953893 0.089103356 0.17382553
0.0001282784 0.00025921117 0.0006137697 0.0011774728 0.002337215 0.006047895 0.011900946 0.02382481 0.058439944 0.11465453
0.0001282784 0.0002472947 0.0005839096 0.0011256434 0.0022873557 0.005752234 0.011345543 0.023443012 0.05672278 0.11192606
0.00019359025 0.00039343158 0.0009819889 0.0018782916 0.0037963125 0.009857531 0.019393396 0.039228313 0.09325692 0.18030456
0.00018604744 0.00037006452 0.0008921047 0.001781115 0.0037525953 0.00916784 0.018076226 0.03614786 0.085297346 0.16870694
0.0001184403 0.00023045416 0.0005371796 0.0010572058 0.0020845195 0.005309032 0.010504008 0.020899482 0.051023886 0.105131395
0.0001282784 0.0002472947 0.0005644189 0.0011208695 0.00219323 0.005717326 0.011273891 0.02226705 0.053824585 0.11002277
0.00016759725 0.00032775363 0.00078232883 0.0015732691 0.003107577 0.007857161 0.015865294 0.03158069 0.07560741 0.1496395
0.00018046585 0.0003525328 0.00088834093 0.0017169128 0.0034279134 0.008387643 0.016934766 0.034780286 0.082435824 0.15966496
0.0001282784 0.00024498592 0.0005663139 0.001150503 0.002252837 0.0054337815 0.010759295 0.022973869 0.055635788 0.09534886
0.00056607457 0.0011967749 0.0030233054 0.006524999 0.012803412 0.030083476 0.059827942 0.10787097 0.2464935 0.3543233
7.8228884e-05 0.00011521066 0.0002428026 0.00047298722 0.0008638094 0.0021074698 0.0042462107 0.008402562 0.020693295 0.043264147
0.0002824012 0.00057242543 0.0014076966 0.0027505364 0.0055599734 0.0139306495 0.027602421 0.055821422 0.13718857 0.27487546
0.00018604744 0.00037006452 0.0009368079 0.001781115 0.0037525953 0.009014675 0.018314764 0.03603094 0.08787336 0.17244546
0.00038472607 0.0007782639 0.0020541078 0.0040501663 0.007896045 0.020268839 0.0407084 0.07993543 0.19606352 0.37349293
0.0001184403 0.0002178407 0.0005195839 0.00096814946 0.0019582429 0.0046872697 0.009646532 0.020028021 0.047753558 0.08920832
7.8228884e-05 8.842789e-05 0.00017735283 0.00023619099 0.00049553753 0.0011271334 0.0025369506 0.004674615 0.0117014535 0.023281645
0.0003518756 0.000710833 0.0017615238 0.0034682846 0.006861237 0.017140033 0.03427584 0.06938474 0.17204759 0.33162344
0.00018046585 0.0003525328 0.00084835343 0.0017169128 0.0034279134 0.008217409 0.016802326 0.03311387 0.08122315 0.15668784
0.00019359025 0.00037006452 0.0009368079 0.0018710956 0.0037525953 0.009023794 0.01835851 0.03574317 0.08800178 0.17274667
0.000562763 0.001161407 0.00300012 0.005890995 0.011794719 0.029665047 0.058569472 0.11574436 0.281691 0.52821654
0.0001184403 0.00022014951 0.0005371796 0.0010101603 0.002072824 0.004798581 0.010019102 0.01980501 0.048576236 0.08813274
7.8228884e-05 0.00013594101 0.00028000228 0.0005475907 0.0010549208 0.002607591 0.0051343166 0.011070452 0.027511183 0.053123083
0.0006617371 0.0013134077 0.0032990414 0.0066785333 0.013526698 0.033120174 0.06614405 0.13063452 0.31289718 0.59091234
7.8228884e-05 8.611906e-05 0.00015975702 0.00026295998 0.00049546984 0.0011043404 0.002036598 0.004818979 0.0126889935 0.022077091
0.00046216176 0.00093203096 0.0023454346 0.005372135 0.009666367 0.022987612 0.04728779 0.090755366 0.21876994 0.41450617
0.00020271858 0.00041325385 0.0010507663 0.0021041 0.0041185054 0.010399885 0.019192455 0.040228233 0.09949978 0.19969052
0.00019359025 0.00039343158 0.00095845264 0.0018782916 0.0037963125 0.009842011 0.018326823 0.03780643 0.0960123 0.1850632
0.00020271858 0.00041325385 0.0010507663 0.0021041 0.0041185054 0.010399885 0.020279795 0.039706413 0.10190386 0.1994714
0.00020271858 0.00041325385 0.0010507663 0.0021041 0.0041185054 0.010399885 0.019192455 0.039924502 0.1013149 0.19754772
0.00020271858 0.00041325385 0.0010507663 0.002101544 0.0041185054 0.010399885 0.019192455 0.039706413 0.10128323 0.19484942
0.00020271858 0.00041325385 0.0010507663 0.0021041 0.0041185054 0.010399885 0.019192455 0.039924502 0.1017546 0.19935761
0.0019052709 0.0035013717 0.008967661 0.019194927 0.037170522 0.08914392 0.17041315 0.3099154 0.65865856 0.9972795
0.00028986155 0.0005701166 0.0013901012 0.0027235672 0.0056118364 0.013571076 0.027473168 0.05401256 0.12601678 0.23322235
0.000562763 0.0010822157 0.0028233896 0.0060927374 0.011812069 0.028751226 0.056140177 0.107673 0.2705714 0.5059831
0.00038472607 0.0007782639 0.0019223662 0.0038289574 0.0078093493 0.019330453 0.038810488 0.07742174 0.19138922 0.37674424
0.00067189184 0.0012709791 0.0033110694 0.007527331 0.01415877 0.03519421 0.07000256 0.13177986 0.31761456 0.59410495
0.015152249 0.030091923 0.07803671 0.15904889 0.2941799 0.56121784 0.83179545 1.2681576 1.2414079 1.6615772
0.015152249 0.030091923 0.07803671 0.15904889 0.2941799 0.56121784 0.83179545 1.2681576 1.2414079 1.6615772
0.00079198607 0.0015114256 0.0040487 0.008823658 0.016543142 0.04100853 0.079064034 0.15149981 0.35069987 0.62380207
7.8228884e-05 0.0001267423 0.00025629558 0.00046722306 0.000943976 0.0022335614 0.0048618834 0.008814117 0.021479683 0.0447212
9.657444e-05 0.00017358888 0.00036434943 0.0007069074 0.0014627648 0.0034885083 0.007876637 0.013808239 0.03586691 0.0708716
0.00020271858 0.00039112277 0.000964391 0.0019438121 0.003817036 0.009499002 0.018529875 0.036508497 0.08875181 0.14357111
0.0006944953 0.0013430171 0.0034725429 0.007364902 0.014340208 0.035027575 0.06503604 0.12006211 0.28630745 0.4774975
0.00028986155 0.0006185082 0.0015140262 0.0029334696 0.0059815287 0.014909791 0.029979913 0.059470024 0.14514701 0.2869092
0.00030704326 0.0006185082 0.0015140262 0.0030591513 0.0059891692 0.014930013 0.03014289 0.06057268 0.1494626 0.29218778
0.00030704326 0.0006185082 0.0015140262 0.0029334696 0.0059815287 0.014909791 0.029979913 0.059517775 0.14564061 0.29102123
0.00030704326 0.0006185082 0.0015407468 0.0030885187 0.0061655627 0.015120524 0.03084171 0.061246864 0.15017949 0.2934331
0.00035813477 0.000710833 0.0017615238 0.0034682846 0.007084321 0.017673858 0.0335365 0.06830882 0.16379587 0.31029072
0.00078773254 0.0014950741 0.003808335 0.008504794 0.01649668 0.039684244 0.07976695 0.15281913 0.35651383 0.6288228
0.0004109017 0.0008246239 0.0020991 0.004320328 0.008541153 0.019505778 0.04101013 0.08052133 0.19435859 0.37730038
7.8228884e-05 8.611906e-05 0.00010226692 9.853583e-05 0.00018806367 0.0004005804 0.000867404 0.0019141778 0.0044175545 0.009287309
0.00081260555 0.0016446149 0.0040988754 0.008968008 0.01816118 0.044258963 0.08683635 0.162514 0.39027244 0.67499375
0.00045357642 0.00089316873 0.0022748273 0.005047042 0.009189357 0.021878 0.045573857 0.086785875 0.21501218 0.42231634
0.00067189184 0.0013134077 0.0034929526 0.006844259 0.013669913 0.03401647 0.06771258 0.13475405 0.32045388 0.6121607
0.00036152572 0.000710833 0.0018139654 0.0036290227 0.0071217343 0.017981868 0.035982773 0.07119543 0.1781848 0.3542724
0.00043879406 0.0008907757 0.0022218758 0.0049818503 0.009048434 0.02182672 0.045262523 0.08467092 0.20416477 0.38906392
0.0005306231 0.001069667 0.0026669977 0.0058600493 0.0113033345 0.02867605 0.055403143 0.10170241 0.25862953 0.4857813
0.00082801306 0.0016598366 0.0042473264 0.008968008 0.01816118 0.044117063 0.0847839 0.16190259 0.38745335 0.69624
0.0009260242 0.001821967 0.0047301026 0.009861763 0.01970278 0.048338108 0.094061986 0.18050307 0.43336582 0.7985486
0.00048271837 0.0009783641 0.0024539854 0.005456807 0.010143622 0.024127597 0.049602248 0.095219776 0.23252901 0.46045664
0.00028986155 0.0006185082 0.0015140262 0.0029334696 0.0059815287 0.014894271 0.029961491 0.058968704 0.14636934 0.27898777
0.00018046585 0.0003677557 0.000870745 0.0017050508 0.0034906098 0.008386492 0.01706819 0.034094688 0.082263604 0.15173152
0.0009260242 0.0018120831 0.0047301026 0.00915087 0.01914058 0.045295242 0.089442894 0.16974913 0.38044468 0.7120741
0.0001184403 0.00023045416 0.0005371796 0.0010101603 0.0020845195 0.0051248763 0.010057082 0.020583026 0.051130686 0.09908304
7.8228884e-05 8.611906e-05 0.00010226692 9.853583e-05 0.00011719348 0.00011793473 0.0001361246 0.00021439794 0.0003779372 0.0006006993
8.54095e-05 0.00014635098 0.00034675378 0.00063168135 0.0012365199 0.002990985 0.005621081 0.012175602 0.029897623 0.056021657
0.0005719356 0.0012661335 0.0031199828 0.006884223 0.013069449 0.032188024 0.062991165 0.11879328 0.2890936 0.5546852
0.00020271858 0.00041325385 0.0009852953 0.0019707845 0.00409574 0.009945093 0.020074626 0.04076156 0.09924401 0.19433959
0.0002824012 0.00057242543 0.0014076966 0.0027505364 0.0055599734 0.0139306495 0.027625695 0.055836312 0.13797921 0.27628738
0.00074711756 0.0015146472 0.0036873524 0.007415189 0.014642869 0.03805989 0.07260952 0.14464316 0.3525693 0.64422566
0.00067189184 0.0013877545 0.0034929526 0.006891345 0.013922546 0.034588948 0.06768229 0.13556585 0.3281815 0.6028361
0.0006944953 0.0013877545 0.003522142 0.0069883782 0.014063762 0.035957105 0.069665134 0.13837314 0.33115608 0.5942227
0.00038472607 0.0007782639 0.0019223662 0.0038289574 0.0078093493 0.01936529 0.03873668 0.07675151 0.18725008 0.36341095
0.0012186153 0.0024807237 0.006212314 0.012454431 0.025775917 0.06289728 0.120060734 0.23519409 0.5184907 0.8020362
0.0002824012 0.00055375416 0.0013517991 0.0027505364 0.0055599734 0.013488911 0.02698773 0.053340267 0.12868181 0.24791607
0.0003492717 0.00065358775 0.0016446896 0.0033509636 0.006726732 0.01668701 0.03368217 0.066380784 0.16398242 0.3153203
0.0006138498 0.0012661335 0.0032286576 0.0069964365 0.013398117 0.033125795 0.064607754 0.12121912 0.30021393 0.59219295
7.8228884e-05 8.611906e-05 0.0001351724 0.00022072514 0.0003795202 0.00089406344 0.0018160322 0.003760469 0.00926501 0.018414184
0.00024230398 0.00044661478 0.0011681069 0.0022751293 0.0045402166 0.01156037 0.02282241 0.045086976 0.10817216 0.20868513
0.00019359025 0.00038360778 0.0009368079 0.0018782916 0.0037525953 0.00919675 0.018520657 0.03685649 0.08849375 0.17448327
0.00013387659 0.00025921117 0.00062582985 0.0012369804 0.0025059811 0.0061852825 0.012245442 0.02399266 0.059802797 0.11656221
0.000562763 0.001161407 0.0028534483 0.0063141184 0.011960309 0.029442769 0.058970988 0.10591841 0.25614774 0.45472118
0.00056607457 0.001161407 0.00300012 0.005890995 0.011794719 0.02977872 0.05909905 0.11712954 0.28195858 0.5454667
0.0006617371 0.0012709791 0.0032990414 0.0073616067 0.01415877 0.034855664 0.06913275 0.13086644 0.3151752 0.59973234
0.00018046585 0.0003525328 0.00084835343 0.0017055204 0.0034279134 0.008211363 0.016300641 0.033060983 0.081936434 0.15574954
0.00021593619 0.00042310325 0.0010567354 0.0021243144 0.004288878 0.010364382 0.020513926 0.041242067 0.099258825 0.1921197
0.00024230398 0.0004706926 0.0012334157 0.002418309 0.004685383 0.011850735 0.02396404 0.047897123 0.11601763 0.22034182
0.00038472607 0.0007782639 0.0019577425 0.0039806953 0.007874605 0.019342257 0.038901977 0.07750295 0.19051783 0.36631954
0.00037408684 0.00074586004 0.0018139654 0.0037081356 0.0074447943 0.018383352 0.037447877 0.07426462 0.18022843 0.3501989
0.0002824012 0.00057242543 0.0014076966 0.0027505364 0.0055599734 0.013918847 0.028487135 0.05619277 0.13788188 0.27376688
0.00028986155 0.00057242543 0.0014076966 0.0028873074 0.005742246 0.0139306495 0.028474357 0.056372557 0.13859928 0.26962885
0.00038269415 0.00075873773 0.0019223662 0.0038289574 0.007563748 0.019249769 0.037475497 0.075166374 0.18409659 0.35588428
0.00028986155 0.00057872204 0.0014681823 0.0028873074 0.005742246 0.015580172 0.028167311 0.05707252 0.13879141 0.26874605
0.0002824012 0.00057242543 0.0014076966 0.0027505364 0.0055599734 0.013546379 0.027236942 0.053951856 0.13283122 0.25945947
0.0009946143 0.0019796886 0.005001258 0.010704606 0.020408627 0.050842118 0.09917468 0.19066274 0.4473815 0.81563103
0.0013626665 0.0026657 0.006997156 0.014348098 0.02770475 0.06771506 0.12793615 0.2499149 0.59014326 0.8457412
0.00040682295 0.000819755 0.0020541078 0.004320328 0.008355711 0.019110307 0.039542403 0.078471094 0.19007118 0.36730826
0.0001282784 0.0002472947 0.0005644189 0.0011208695 0.00219323 0.0055833505 0.011175435 0.02230672 0.052669752 0.10917303
0.00021593619 0.00042310325 0.0010567354 0.0021243144 0.004288878 0.010379981 0.020543106 0.04159972 0.100980535 0.19238648
0.0004318239 0.0008566828 0.0021181041 0.004769125 0.008627327 0.019949414 0.04335565 0.081090234 0.18779704 0.36560524
0.00081260555 0.0015114256 0.00409282 0.008942361 0.017135166 0.04191477 0.0828797 0.1487159 0.33919826 0.5873685
7.8228884e-05 8.842789e-05 0.00011986279 0.0001716377 0.00033265998 0.00068463566 0.0013487507 0.006286068 0.0064389813 0.014749585
0.0005347451 0.0010822157 0.0028233896 0.0060927374 0.011801485 0.02876703 0.05680192 0.10730507 0.2632825 0.5094948
0.00033235794 0.00065358775 0.0016446896 0.0033509636 0.0066344985 0.016495332 0.03319788 0.06626331 0.16199847 0.32210416
0.00043879406 0.0008907757 0.0022218758 0.00440962 0.00894774 0.021895852 0.043563005 0.086091176 0.20999222 0.40473777
0.00046216176 0.00093203096 0.0022748273 0.004811174 0.009339187 0.023550624 0.04668689 0.09239692 0.22818913 0.42519137
0.00026490883 0.000519654 0.0013517991 0.0026309532 0.005269818 0.013173235 0.026483592 0.050453335 0.12306529 0.24283916
0.00038269415 0.00075873773 0.0019223662 0.0038289574 0.007563748 0.01870615 0.037426807 0.07521465 0.18167059 0.35045958
0.00081260555 0.0015891892 0.00409282 0.008937207 0.017094783 0.042226695 0.0841517 0.16000915 0.3812304 0.6672604
0.00043879406 0.0008907757 0.0022218758 0.0049818503 0.009048434 0.021878 0.04556209 0.08704813 0.21381308 0.41337663
0.00036152572 0.000710833 0.0018139654 0.0036290227 0.0071217343 0.018002886 0.035819467 0.07140479 0.17493619 0.3376455
0.00030704326 0.0006185082 0.0015407468 0.0030885187 0.0061655627 0.0150081 0.030648977 0.060338844 0.14746478 0.27654073
0.00067189184 0.0012709791 0.0033110694 0.007527331 0.01415877 0.03519421 0.06987719 0.13241036 0.3216716 0.59679735
0.0006617371 0.0012709791 0.0032990414 0.0073616067 0.01415877 0.03431256 0.068143 0.12654692 0.3126793 0.58896023
0.0006617371 0.0012678293 0.0032588688 0.0073616067 0.013469737 0.03431256 0.06566746 0.12569581 0.30198118 0.56200206
0.0005306231 0.001069667 0.0026669977 0.0058600493 0.011028945 0.027190901 0.053718034 0.10202973 0.24906848 0.49093977
0.00020271858 0.00039112277 0.000964391 0.0019438121 0.004011362 0.009601927 0.018552527 0.036405582 0.09170537 0.16173616
0.00024230398 0.0004895387 0.0012158197 0.0025095015 0.004852574 0.012303982 0.024203643 0.04712751 0.10916647 0.20251532
0.00038472607 0.0007782639 0.0019223662 0.0038289574 0.007742283 0.017525291 0.03870149 0.075855255 0.18466145 0.3547255
0.000562763 0.001161407 0.0028534483 0.0063141184 0.011960309 0.029510226 0.05852016 0.107553735 0.263965 0.45542398
0.0043599424 0.009268679 0.020938246 0.045387805 0.08661281 0.20524216 0.3906839 0.6619027 1.0079409 1.2104065
7.8228884e-05 8.611906e-05 0.00011210506 0.00020026397 0.0003695165 0.0007758085 0.0015994087 0.0031908948 0.00800472 0.015790505
0.00067189184 0.0013134077 0.0034929526 0.006844259 0.013669913 0.0339116 0.067536265 0.13445692 0.3211164 0.6045874
0.00024230398 0.0004706926 0.0012334157 0.002418309 0.004685383 0.011793267 0.02381332 0.046531904 0.112070255 0.21124996
0.0003492717 0.00068348314 0.0017615238 0.0034610801 0.006861237 0.017140033 0.034208134 0.06825829 0.16782236 0.32705387
0.00046216176 0.0009348999 0.0023250252 0.0053278417 0.009566884 0.022369757 0.04494716 0.083934225 0.1904075 0.33214536
0.000562763 0.001161407 0.00300012 0.0065043233 0.012309739 0.030781517 0.061023217 0.11376215 0.2803144 0.5473877
0.005207312 0.0112832 0.028428411 0.053309947 0.1054418 0.25779456 0.4374451 0.71669006 1.1640698 1.5696478
0.00026490883 0.000519654 0.0013517991 0.0026309532 0.005269818 0.013011791 0.024671953 0.04982703 0.11515007 0.23299569
7.8228884e-05 0.0001267423 0.00029759805 0.00057456054 0.0011251327 0.002598108 0.005195468 0.01053306 0.026124304 0.054162737
0.00013387659 0.0002751667 0.00063096685 0.0012470336 0.002529834 0.0060340036 0.012137247 0.02487506 0.05936455 0.10740732
0.00036152572 0.00074586004 0.0018139654 0.0036290227 0.0074447943 0.017756402 0.03618432 0.07127033 0.17979671 0.33478653
0.00036152572 0.00074586004 0.0018139654 0.0036290227 0.0074447943 0.016757544 0.03586241 0.06821761 0.16513182 0.3094813
0.00037408684 0.00074586004 0.0019014943 0.0037081356 0.0074447943 0.016563985 0.037104897 0.07052932 0.16675067 0.321245
0.00038269415 0.00075873773 0.0019223662 0.0038289574 0.007563748 0.018684598 0.03873668 0.07574028 0.185303 0.35880432
8.886325e-05 0.00016006881 0.00034675378 0.00066241965 0.0013080398 0.0031414535 0.006319805 0.013410843 0.03276146 0.06200573
0.00074711756 0.0015146472 0.003808335 0.007763697 0.015022183 0.03846593 0.07419207 0.15098064 0.3606305 0.65027684
0.0005306231 0.001069667 0.0026669977 0.005299089 0.010721247 0.027203135 0.053206854 0.10428442 0.25757268 0.49314022
0.0006944953 0.0013453258 0.003522142 0.00767145 0.014695835 0.03720203 0.072549626 0.1383008 0.3280844 0.6018115
0.0003492717 0.00068348314 0.0017135087 0.003439525 0.006861237 0.016907787 0.033749677 0.069371365 0.15277556 0.27340436
0.0003492717 0.00065358775 0.0016446896 0.0033509636 0.006726732 0.016480181 0.033296 0.0677671 0.15112045 0.27195913
0.00033235794 0.00065358775 0.0016446896 0.0033509636 0.0066344985 0.016290043 0.03273995 0.067266114 0.14804071 0.26244232
0.00033235794 0.00064301223 0.0016157296 0.0031750978 0.0065573514 0.015662733 0.03193012 0.061536834 0.14462012 0.2537375
0.00028986155 0.0006185082 0.0014681823 0.0028873074 0.005742246 0.014427729 0.028218796 0.05629154 0.12995152 0.2286905
0.0002824012 0.00057242543 0.0014076966 0.0027505364 0.0055599734 0.013735872 0.02720513 0.05239416 0.122972004 0.22297807
7.8228884e-05 8.611906e-05 0.00010226692 0.00013316392 0.0002366259 0.00051509676 0.0010642982 0.0026936138 0.0060550473 0.012173474
0.000562763 0.0011582505 0.0028340954 0.005597162 0.011445287 0.028522497 0.0558723 0.11067414 0.27879632 0.53075385
7.8228884e-05 8.842789e-05 0.0001297017 0.00022723369 0.00045132785 0.0008963957 0.0022443235 0.0032993024 0.0083154775 0.01638338
0.00054204435 0.0010822157 0.0028233896 0.0060927374 0.011801485 0.028722651 0.05689677 0.10560829 0.26099837 0.49562338
0.0002824012 0.00055375416 0.0013517991 0.0027505364 0.0055599734 0.013488911 0.02700098 0.053121533 0.12892565 0.25013712
0.00033235794 0.00065358775 0.0016446896 0.003333945 0.0065621934 0.016333828 0.032094613 0.06532514 0.15220998 0.2967046
0.00048802432 0.0009783641 0.0024539854 0.005616078 0.010214164 0.024472488 0.050623175 0.0932866 0.22489269 0.42755783
0.000562763 0.001161407 0.0028534483 0.0063141184 0.011960309 0.029573945 0.058664303 0.11041757 0.2738073 0.52216655
7.8228884e-05 9.484424e-05 0.0001962897 0.00038186484 0.0006590307 0.0016437833 0.0030531734 0.0064317496 0.016211731 0.033295408
0.00035813477 0.000710833 0.0017615238 0.0034682846 0.007084321 0.01765826 0.034058854 0.06726433 0.1596805 0.29744416
0.00018046585 0.00037006452 0.00088834093 0.0017320203 0.0035749876 0.008549635 0.017184941 0.034754336 0.086027876 0.16346782
0.00020271858 0.00041325385 0.0009852953 0.0019707845 0.00409574 0.009771063 0.019474184 0.038438495 0.095845565 0.18637006
0.0006944953 0.0013453258 0.0034929526 0.0075744167 0.014644191 0.03579959 0.070734784 0.13331126 0.3232522 0.58996636
0.0009946143 0.0019796886 0.005001258 0.010704606 0.020408627 0.051481243 0.10114017 0.1935313 0.46658844 0.8397258
7.8228884e-05 9.484424e-05 0.00016710156 0.0002906121 0.0005774739 0.0014132484 0.002630796 0.0059179678 0.014339129 0.030608712
0.0003492717 0.00068348314 0.0017135087 0.0033509636 0.006726732 0.01699584 0.033710007 0.06662034 0.16282424 0.3187567
0.0011374638 0.0022691116 0.005848548 0.012176133 0.023940394 0.05899525 0.11421039 0.21971129 0.49205914 0.81266
0.00028986155 0.0006185082 0.0014681823 0.0029334696 0.0059815287 0.014754084 0.02994493 0.05829901 0.1408664 0.26974148
0.00019359025 0.00039343158 0.0009819889 0.0019707845 0.0039014167 0.009845728 0.01944455 0.039353833 0.09562589 0.18935275
0.00030704326 0.0006185082 0.0015140262 0.0029334696 0.0059815287 0.014754084 0.02994493 0.05909035 0.14295739 0.2742099
0.00033235794 0.00065358775 0.0016446896 0.0031750978 0.0065573514 0.016495332 0.032336667 0.06524399 0.158727 0.31246734
0.00025431224 0.000519654 0.0012883013 0.0025411353 0.00502225 0.012595398 0.025317302 0.05044871 0.12264774 0.2408291
0.00033235794 0.00065358775 0.0016446896 0.0031750978 0.0065573514 0.016339622 0.032312423 0.064320624 0.15677474 0.29622093
0.00065738434 0.0012885097 0.0032588688 0.0066785333 0.012837664 0.033067636 0.063200414 0.12731303 0.31440622 0.60201967
0.00048802432 0.0009783641 0.0024539854 0.005456807 0.010143622 0.024078663 0.04954997 0.09242354 0.21962309 0.4058184
0.00048271837 0.0009783641 0.0024539854 0.004895846 0.00981644 0.02461489 0.048837975 0.09754257 0.23946385 0.47533157
0.0010839931 0.0021198858 0.00554338 0.01154613 0.022555718 0.056494545 0.1078041 0.20817383 0.48833793 0.8888508
0.00048271837 0.00097605423 0.002433576 0.0053867055 0.010044138 0.023473805 0.047372047 0.08729857 0.19506334 0.3496895
7.8228884e-05 8.611906e-05 0.00010226692 9.853583e-05 0.00011719348 0.00011247602 0.00012993104 0.00018036026 -2.1957494e-05 0.00065540994
7.8228884e-05 8.611906e-05 0.00010226692 9.853583e-05 0.00011719348 0.00011882255 0.00020642532 0.00060153677 0.0010787689 0.0022288086
0.00033235794 0.00065358775 0.0016446896 0.0033509636 0.0066344985 0.016495332 0.033154316 0.065990135 0.1622465 0.3124853
0.00056607457 0.0011990836 0.003043715 0.0066716615 0.013069449 0.031269006 0.062921785 0.11486534 0.27811107 0.49035528
0.00029266966 0.0006185082 0.0015140262 0.0029334696 0.0059815287 0.014723625 0.02968749 0.0576953 0.13305236 0.24769351
0.00026490883 0.00055144535 0.0013342032 0.002603984 0.005209847 0.012829488 0.025817094 0.051873498 0.12066396 0.23073934
0.00014307191 0.0002903543 0.0006917072 0.0013324396 0.0026721256 0.006998897 0.013345161 0.027420161 0.06725419 0.12775806
0.0001282784 0.0002472947 0.0005839096 0.0011774728 0.002337215 0.0057431674 0.0112381065 0.02324637 0.057830915 0.111140154
0.00014307191 0.0002903543 0.0006917072 0.0013324396 0.0026721256 0.0066537918 0.013345161 0.026063284 0.067316346 0.12665397
0.0001282784 0.0002472947 0.0006137697 0.0011774728 0.002337215 0.0057431674 0.011791088 0.02324637 0.058048464 0.11464305
0.00014655075 0.0002903543 0.0006917072 0.0013324396 0.0026721256 0.006998897 0.013345161 0.027420161 0.06752839 0.1291892
0.0001282784 0.0002472947 0.0006137697 0.0011774728 0.002337215 0.0057431674 0.011791088 0.023367804 0.058071956 0.11441678
0.00019359025 0.00039343158 0.00095845264 0.0018782916 0.0037963125 0.009199663 0.019266369 0.037394274 0.09337325 0.18297851
0.00010539413 0.00019758266 0.00045173013 0.00088478095 0.001742915 0.004282654 0.008547059 0.016932653 0.041715387 0.082628675
0.00019359025 0.0003677557 0.00091921235 0.0018441263 0.0036682168 0.008830043 0.017583057 0.03440655 0.08321682 0.14499436
0.0005306231 0.001069667 0.0027839271 0.005531778 0.010721247 0.02715727 0.054478917 0.10680403 0.26213184 0.51814866
7.8228884e-05 0.00013824987 0.00033358266 0.0006441983 0.0013162568 0.0031167415 0.006026644 0.01222903 0.028943148 0.058518276
8.886325e-05 0.00014865982 0.00036434943 0.0006893895 0.0013208976 0.0033045954 0.0067284657 0.01273948 0.030439127 0.059924807
7.8228884e-05 0.00013824987 0.0003019868 0.00062408653 0.0012698863 0.0027821842 0.0059319865 0.011393688 0.026538167 0.054198638
0.00016030569 0.0002903543 0.00075700216 0.0014670824 0.0029571524 0.0069945017 0.014551134 0.028319525 0.06853417 0.13156654
0.00016030569 0.00032775363 0.0007798741 0.0014970541 0.0029796357 0.0073853913 0.014928212 0.029320437 0.071416974 0.13735187
0.00013387659 0.00025921117 0.0006137697 0.0011774728 0.00236703 0.0058983224 0.011929924 0.02337079 0.055138286 0.10679046
0.00028986155 0.0005701166 0.0013901012 0.002860338 0.0056578675 0.01379622 0.02447302 0.04972695 0.11596507 0.18912196
0.00010539413 0.00018828573 0.0004314957 0.00088478095 0.001742915 0.0041193003 0.008101169 0.017098159 0.042060122 0.08303525
0.0001282784 0.0002472947 0.0005644189 0.0011208695 0.00219323 0.0055773053 0.010786302 0.022058189 0.053797748 0.10405329
0.00019359025 0.00038360778 0.00095845264 0.0018782916 0.0037963125 0.009203772 0.018388737 0.036054403 0.08909772 0.16982597
0.0001282784 0.0002472947 0.0005839096 0.0011256434 0.0022873557 0.005612213 0.01102518 0.023234572 0.05683478 0.108423665
0.0002824012 0.00055375416 0.0013517991 0.0027505364 0.0055599734 0.013473313 0.026958466 0.05330334 0.12441824 0.23645402
0.00020271858 0.00041325385 0.0009852953 0.0019707845 0.00409574 0.009945093 0.020074626 0.040811863 0.09924401 0.19433959
0.00024230398 0.00044661478 0.0011681069 0.0022751293 0.0045402166 0.011624291 0.022996427 0.04602932 0.11142044 0.22549984
0.00024230398 0.0004918475 0.0012334157 0.002536471 0.004936952 0.012555711 0.025195437 0.049384795 0.119660094 0.23513119
7.8228884e-05 8.611906e-05 0.00010226692 9.853583e-05 0.00011719348 0.00011793473 0.0001361246 0.00019926202 -1.5136647e-05 -0.00047471857
0.00035813477 0.000710833 0.0017721253 0.0036290227 0.0071217343 0.01784389 0.03582967 0.07086172 0.1749086 0.33496556
0.000562763 0.0011582505 0.0028340954 0.00621049 0.0120273745 0.030200062 0.058823604 0.11046742 0.2747138 0.5281786
0.00048271837 0.0009783641 0.0024539854 0.005456807 0.010143622 0.02380748 0.04957959 0.09471821 0.23179075 0.4559436
8.54095e-05 0.00013594101 0.00033461148 0.0006114642 0.0012248659 0.0029476073 0.005621081 0.012030193 0.029958155 0.05828704
0.0013077762 0.0024807237 0.0067071104 0.01335057 0.02719892 0.065648735 0.12664469 0.2418523 0.52932745 0.79775673
0.000562763 0.0010822157 0.0028233896 0.0060927374 0.011801485 0.02876703 0.05674047 0.107434824 0.26593757 0.5114076
0.00056607457 0.0011990836 0.003043715 0.00662886 0.012468663 0.030781517 0.06112803 0.11583215 0.2822079 0.546637
0.0003888941 0.0007865361 0.0020541078 0.00422067 0.00835121 0.018251106 0.03997352 0.07795533 0.17931685 0.35626993
0.00056607457 0.0011990836 0.003043715 0.00662886 0.012468663 0.030781517 0.06125965 0.112984255 0.27967435 0.50394857
7.8228884e-05 8.611906e-05 0.00010226692 9.853583e-05 0.00011719348 0.00011793473 0.0001361246 0.00021439794 0.0003779372 0.0006006993
0.0002824012 0.00057242543 0.0014076966 0.0027505364 0.0055599734 0.013518292 0.0272761 0.05332835 0.13036148 0.2516213
0.00033235794 0.00065358775 0.0016446896 0.003333945 0.00657709 0.016678391 0.032332763 0.06561821 0.16055357 0.30644327
0.0005306231 0.001069667 0.0026669977 0.0058600493 0.011028945 0.027065845 0.054096203 0.098277904 0.23333748 0.43272462
0.0001282784 0.00024498592 0.0005697307 0.0011567314 0.002317025 0.0055601043 0.011388403 0.02278327 0.05621766 0.10447123
0.00016759725 0.00032775363 0.00078232883 0.0015732691 0.003107577 0.007852912 0.015097926 0.030315556 0.07493934 0.14113778
0.0004318239 0.00082679297 0.0021041194 0.0045249136 0.008627327 0.019605273 0.042443164 0.08116221 0.19849984 0.37914371
0.0004109017 0.0008246239 0.0020991 0.0045249136 0.008541153 0.019491874 0.042312894 0.079655424 0.19582342 0.3764815
0.00043879406 0.00089316873 0.0022319339 0.005047042 0.009189357 0.021878 0.045558315 0.08743948 0.21223462 0.41066164
0.00015389327 0.0002903543 0.0006917072 0.0013324396 0.0026721256 0.0068451427 0.01322193 0.027119756 0.06537577 0.123961665
0.0015961854 0.0031631193 0.0081662005 0.016212866 0.0314477 0.076564245 0.14615425 0.2649123 0.517772 0.68814945
0.0009946143 0.0019796886 0.005164573 0.011132051 0.02177862 0.051883265 0.10127101 0.19313908 0.42217073 0.7077846
0.0016848941 0.0032250534 0.008197014 0.017841063 0.03271179 0.08230637 0.16244641 0.27979022 0.5613577 0.7126096
0.0009260242 0.001821967 0.0047301026 0.009861763 0.01970278 0.04839712 0.0952002 0.18277632 0.4383121 0.80817723
0.00082801306 0.0016598366 0.0042473264 0.00951139 0.01816118 0.044293247 0.08616089 0.16508232 0.39340544 0.7227793
0.0006138498 0.0012661335 0.00312659 0.0063133663 0.012600742 0.031392317 0.06210447 0.12110991 0.30433574 0.58319145
0.00046216176 0.00093720865 0.0023454346 0.005372135 0.009666367 0.022987612 0.047282897 0.09082945 0.21870385 0.41420317
0.00032716352 0.0006185082 0.0015407468 0.0030885187 0.006241848 0.015868023 0.030875029 0.062487934 0.15267025 0.3034892
0.00033235794 0.00065358775 0.0016446896 0.0031750978 0.0065573514 0.016495332 0.032677952 0.0651527 0.15946725 0.31571254
0.00030704326 0.0006185082 0.0015140262 0.0030591513 0.0059891692 0.014751447 0.02989866 0.058684297 0.14584169 0.27453837
0.0004318239 0.0008566828 0.0022218758 0.00440962 0.0085266335 0.02191596 0.04358758 0.08638311 0.21250516 0.40020466
0.00024230398 0.00044661478 0.0011681069 0.0022751293 0.0045402166 0.011545258 0.022339936 0.045756996 0.104905106 0.20770255
0.00036152572 0.0007085241 0.0017963701 0.0036020533 0.007037357 0.016298547 0.033534966 0.06484363 0.1474073 0.2571867
0.00025431224 0.0005173452 0.0012507315 0.0025141658 0.004937872 0.012251651 0.024153234 0.04779409 0.111493774 0.21493581
0.00074711756 0.0014686078 0.0036873524 0.008064098 0.015274944 0.037656456 0.07515974 0.14273189 0.33904114 0.611201
0.00018604744 0.00037006452 0.0009368079 0.001781115 0.0037525953 0.00915232 0.018096993 0.036059275 0.088901445 0.1707071
0.00040682295 0.00081207487 0.0020541078 0.00422067 0.00835121 0.018251106 0.039546628 0.078278325 0.17938128 0.35383955
0.00036152572 0.00074586004 0.0018139654 0.0037081356 0.0074447943 0.016563985 0.03630826 0.06979663 0.16659217 0.31428725
0.0010776513 0.0020394265 0.005497016 0.011404258 0.022629216 0.052539613 0.0977881 0.19886824 0.43183237 0.7300081
0.000562763 0.0010822157 0.0028340954 0.0060927374 0.011801485 0.028722651 0.05798139 0.10721605 0.2635808 0.4948914
0.00030704326 0.0006185082 0.0015140262 0.0030591513 0.0059891692 0.01474894 0.029932339 0.05883008 0.14443076 0.2740101
0.0002374276 0.00044661478 0.0011681069 0.0022751293 0.004481342 0.0115392655 0.021327812 0.0437585 0.103110716 0.19839646
0.00020271858 0.00041325385 0.0010507663 0.0021041 0.0041185054 0.01024517 0.020156976 0.040448386 0.0977728 0.18772896
0.00038472607 0.0007782639 0.0019704062 0.0039806953 0.007996739 0.017820999 0.03790001 0.07365719 0.17496035 0.33744732
0.0009260242 0.0018196582 0.0047096927 0.009572445 0.01961706 0.04660395 0.08856624 0.16906644 0.36333835 0.57897615
0.00033235794 0.00065358775 0.0016157296 0.0031750978 0.0065573514 0.015671348 0.031552806 0.061857194 0.14321898 0.27608964
0.00030704326 0.0006185082 0.0015407468 0.0030885187 0.0061655627 0.015303588 0.030823288 0.060682684 0.14658009 0.2818126
0.00020271858 0.00041325385 0.0009852953 0.0019707845 0.00409574 0.009945093 0.020074626 0.04076156 0.09924401 0.19433959
0.00020271858 0.00041325385 0.0009852953 0.0019707845 0.00409574 0.009945093 0.020074626 0.04076156 0.09924401 0.19656506
0.00020271858 0.00041325385 0.0009852953 0.0019707845 0.00409574 0.009945093 0.020074626 0.039458007 0.099169016 0.19656506
0.00020271858 0.00039343158 0.0009819889 0.0019707845 0.00409574 0.009945093 0.020074626 0.039458007 0.09918183 0.19672115
0.00038269415 0.00075873773 0.0019091778 0.0038289574 0.0074966825 0.01740896 0.037077256 0.07187486 0.16829282 0.31855437
0.00082801306 0.0016598366 0.0042473264 0.008983883 0.018201562 0.04398521 0.08487786 0.15833318 0.36909512 0.67190874
0.00046216176 0.00093203096 0.0023454346 0.005372135 0.009666367 0.023038892 0.04761569 0.09139316 0.22526401 0.4402964
0.00019359025 0.00039112277 0.000964391 0.0019438121 0.0037119335 0.009499002 0.018509634 0.03639784 0.087576464 0.14658365
0.00020271858 0.00041325385 0.0010507663 0.0021041 0.0041185054 0.01026379 0.019840248 0.040629532 0.10050338 0.19350131
7.8228884e-05 8.842789e-05 0.00011986279 0.00017547474 0.00018324223 0.00080958626 0.0017507712 0.0031250063 0.007531055 0.017108161
0.0015709284 0.0030724641 0.007646473 0.015291094 0.030517835 0.0721259 0.14615425 0.2641245 0.5191598 0.7085234
0.001480913 0.00317531 0.008100986 0.016500164 0.031520315 0.07197503 0.13683452 0.2528635 0.5647487 0.8271001
7.8228884e-05 8.611906e-05 0.00015975702 0.00023298184 0.0004832178 0.0010988815 0.0018327436 0.0042721555 0.010977407 0.021998053
0.00046216176 0.00089316873 0.0022748273 0.005132955 0.009402026 0.021860126 0.045472458 0.085689895 0.20625041 0.40011367
9.657444e-05 0.00017128007 0.0003639986 0.0007163755 0.0014592351 0.003510907 0.006456499 0.01408335 0.03486093 0.06638921
7.8228884e-05 0.00012443347 0.00028341907 0.00055381906 0.0011049432 0.0025600737 0.005173248 0.010266029 0.02445941 0.046687003
0.00058682275 0.0012661335 0.00312659 0.0063133663 0.012584089 0.031065058 0.061136592 0.11995701 0.28824136 0.5588463
0.00046216176 0.0009297223 0.0022544179 0.0053278417 0.009566884 0.02232255 0.04446638 0.08280735 0.18594703 0.32833016
0.00048802432 0.0009783641 0.0024539854 0.004895846 0.00981644 0.024584642 0.048851006 0.09631012 0.2287854 0.40735257
0.000562763 0.001161407 0.0028534483 0.0057007903 0.011445287 0.028589213 0.056571685 0.11230043 0.2656909 0.50341105
0.00074711756 0.0014686078 0.0036873524 0.008064098 0.015274944 0.037656456 0.0747435 0.14273646 0.34388375 0.6062722
0.00020271858 0.00041325385 0.0010017583 0.0020215434 0.00409574 0.009956895 0.020068588 0.040603835 0.098427325 0.18562523
0.00028986155 0.0005701166 0.0013901012 0.0027235672 0.0056118364 0.013552259 0.02733727 0.05303694 0.11850923 0.20773396
0.0005037204 0.0009943296 0.002576117 0.0057427324 0.0105448505 0.026159463 0.051980592 0.097223975 0.23312667 0.44028127
0.00043879406 0.0008907757 0.0022218758 0.004420891 0.00894774 0.022963984 0.04526439 0.08989526 0.22406264 0.44340593
0.00018046585 0.00037006452 0.00088834093 0.0017320203 0.0035749876 0.008719714 0.01768973 0.03558362 0.086008385 0.16921914
0.00024230398 0.00046838378 0.0012158197 0.0023913395 0.0046010045 0.011595708 0.023235299 0.045163304 0.10158762 0.17252372
0.00026490883 0.000519654 0.0013517991 0.0026309532 0.005269818 0.013173235 0.026563352 0.05083511 0.12368474 0.23740745
0.0007056808 0.0014296485 0.003522142 0.008064098 0.015257194 0.0376092 0.074317575 0.13699123 0.32061246 0.57623136
0.00056607457 0.0011990836 0.003043715 0.0066716615 0.013069449 0.031326603 0.06328224 0.11842509 0.2838061 0.5533141
0.0025890123 0.004738345 0.011657718 0.025735514 0.055306874 0.1135201 0.23821266 0.4472175 0.78163236 1.2557893
0.0006617371 0.0012709791 0.0032588688 0.0073616067 0.013469737 0.03431256 0.06810707 0.1271865 0.30795377 0.5928996
0.000562763 0.0011582505 0.0028340954 0.0062879743 0.011960309 0.02907627 0.058503017 0.1102996 0.2742102 0.52574
0.00038269415 0.00075873773 0.0019223662 0.0038289574 0.007563748 0.019272802 0.037434112 0.075529225 0.18323156 0.35360423
0.0003492717 0.00068348314 0.0017135087 0.0033509636 0.006726732 0.01699584 0.03385432 0.06710188 0.16472514 0.32252657
0.00028986155 0.00057641324 0.0013901012 0.002860338 0.0056578675 0.014262935 0.02755515 0.054070372 0.1284057 0.235294
0.00038472607 0.0007782639 0.0019577425 0.0039806953 0.007807531 0.017525291 0.038556382 0.07531108 0.1849663 0.36354098
0.0036435302 0.007152028 0.017314617 0.034485813 0.06544236 0.1542617 0.28960726 0.5451206 1.0779506 1.5537026
0.00019359025 0.00039343158 0.0009819889 0.0019707845 0.0039014167 0.009857531 0.019423328 0.03792576 0.091328025 0.17328085
0.00046216176 0.0009660804 0.0024539854 0.005372135 0.010210687 0.026011929 0.048746847 0.09343913 0.22749405 0.4507694
0.0007056808 0.0013453258 0.003522142 0.008064098 0.015257194 0.037574917 0.074606486 0.13822791 0.33559346 0.60128015
0.0006617371 0.0012709791 0.0033110694 0.007527331 0.01415877 0.03519421 0.069817744 0.13093379 0.31589818 0.58701473
0.0006944953 0.0013453258 0.0034929526 0.0075744167 0.014644191 0.035833873 0.070552506 0.1331911 0.32108232 0.5918784
0.00020271858 0.00041325385 0.0009852953 0.0019707845 0.00409574 0.009945093 0.020074626 0.039458007 0.099169016 0.19672115
0.00020271858 0.00041325385 0.0010507663 0.002101544 0.0041185054 0.010403601 0.02028025 0.041408293 0.101606555 0.19936985
0.00020271858 0.00041325385 0.0010507663 0.0021041 0.0041185054 0.010403601 0.02028025 0.041408293 0.10168278 0.19936985
0.00043879406 0.0008907757 0.0022218758 0.0048339833 0.009048434 0.020753412 0.044057135 0.083455846 0.20231907 0.38912496
0.00056607457 0.0011990836 0.003043715 0.0060155313 0.011836594 0.03001771 0.0587738 0.11574863 0.28879687 0.54716575
0.00035813477 0.000710833 0.0017615238 0.0034682846 0.007084321 0.016539017 0.03546827 0.0692144 0.16053273 0.2833092
0.0006138498 0.0012638245 0.0031061806 0.006848043 0.012966777 0.03081342 0.061192956 0.10618559 0.2463006 0.35843584
0.00015389327 0.0002903543 0.000722316 0.0014006569 0.0029571524 0.0071648355 0.014080883 0.02935063 0.07171508 0.13668823
9.657444e-05 0.00017358888 0.0003912327 0.0007836434 0.0015436128 0.0036783984 0.007187707 0.014694444 0.037523102 0.07392374
0.00022618774 0.00044661478 0.0011681069 0.0022751293 0.004481342 0.011071279 0.021940136 0.045167897 0.10882334 0.21464948
0.0020767886 0.003789109 0.010097369 0.02193387 0.03974989 0.10210151 0.1840758 0.33991295 0.63945156 0.8550535
0.0003492717 0.00068348314 0.0017135087 0.0033509636 0.006726732 0.01699584 0.03388111 0.06716369 0.16652992 0.32398278
0.00032716352 0.0006185082 0.0015407468 0.0031693878 0.006241848 0.015868023 0.030783396 0.06314688 0.153396 0.29829878
0.00028986155 0.00057872204 0.0014681823 0.0028873074 0.005742246 0.015580172 0.028167311 0.05710405 0.13879141 0.26874605
0.00022618774 0.000444306 0.001150511 0.0022336275 0.004396964 0.010822087 0.021090394 0.04312418 0.0979928 0.17412896
0.00021593619 0.00042310325 0.0011138443 0.0021243144 0.004288878 0.010963483 0.021158664 0.042125124 0.098947935 0.1830289
0.00030704326 0.0006185082 0.0015407468 0.0030885187 0.0061586485 0.015012986 0.030622594 0.060326166 0.14832254 0.2834846
0.0009322014 0.0018542837 0.005001258 0.010704606 0.020480104 0.05079851 0.099034354 0.1857057 0.45325494 0.8730891
0.0011374638 0.0022691116 0.005848548 0.01217107 0.02401187 0.059468325 0.11463221 0.2218213 0.5038433 0.8728504
0.0010839931 0.0021198858 0.00554338 0.0115464805 0.022555718 0.056341115 0.1078041 0.20817383 0.4869476 0.8910449
0.0011374638 0.0022691116 0.005663851 0.01217107 0.02401187 0.059468325 0.11463221 0.21778077 0.49234214 0.89551705
0.00026490883 0.0005453912 0.0013517991 0.0026309532 0.005294225 0.013173235 0.026742753 0.05389349 0.12911852 0.25466612
0.0005037204 0.0009943296 0.002576117 0.005778293 0.010555435 0.026261441 0.05171548 0.09914337 0.24740112 0.47609228
0.000562763 0.001161407 0.00300012 0.0065043233 0.012309739 0.030781517 0.06111634 0.11471697 0.27958506 0.5520505
0.00079198607 0.0015114256 0.0040487 0.008823658 0.016543142 0.041233942 0.07950329 0.15104674 0.35717827 0.62259537
0.00038472607 0.0007759549 0.0019047707 0.0037926508 0.0076579046 0.016972886 0.036626916 0.06905488 0.15356994 0.2695147
0.0003492717 0.00068348314 0.0017135087 0.0033509636 0.006726732 0.016807375 0.03360531 0.065710664 0.15801714 0.30193847
0.0010839931 0.002213698 0.00554338 0.011184228 0.022558939 0.05760972 0.10718001 0.20971441 0.46516103 0.8686303
0.000562763 0.0011582505 0.0028340954 0.005597162 0.011445287 0.028069615 0.0558723 0.11004487 0.27497646 0.52632993
0.00028986155 0.00057872204 0.0014681823 0.0028873074 0.005742246 0.014436344 0.028260503 0.05603389 0.12977493 0.24321833
0.00020271858 0.00041325385 0.0010507663 0.0021041 0.0041185054 0.010254238 0.020285895 0.04075773 0.098206505 0.19488512
7.8228884e-05 8.842789e-05 0.00011986279 0.00013561909 0.00020808198 0.0003145719 0.0011254557 0.000832263 0.002339802 0.0030567057
0.0001282784 0.0002472947 0.0005644189 0.0011208695 0.00219323 0.0056026606 0.011247087 0.022106906 0.05373805 0.10087825
0.0001282784 0.0002472947 0.0005644189 0.0011208695 0.00219323 0.0055833505 0.011175435 0.022182062 0.053595122 0.103176616
0.00013387659 0.00025921117 0.00062582985 0.0012369804 0.0024840776 0.00619732 0.012110049 0.02420983 0.05953488 0.11273809
0.00013387659 0.00025921117 0.0006185718 0.0012369804 0.00236703 0.0059139202 0.011996641 0.024181886 0.059394434 0.1126203
0.0001282784 0.00025921117 0.0006137697 0.0011774728 0.002337215 0.0059139202 0.011994078 0.02395267 0.058093227 0.110538326
0.00013387659 0.00025921117 0.00062582985 0.0012369804 0.0024840776 0.00619732 0.012129308 0.023484992 0.059089523 0.112335816
0.000110295114 0.00020581346 0.0005032955 0.0009751592 0.0019246762 0.0045529986 0.008998377 0.019293493 0.043164425 0.0895732
0.00011340464 0.00022014951 0.0005101808 0.0009951218 0.0020426207 0.004850412 0.009116441 0.019362723 0.04557076 0.090366215
0.0001282784 0.0002472947 0.0005644189 0.0011208695 0.00219323 0.0055833505 0.011175435 0.02230672 0.05277106 0.10918505
0.0001282784 0.00025921117 0.0006137697 0.0011774728 0.002337215 0.0059139202 0.011800068 0.023799056 0.05897558 0.108948156
0.0001282784 0.00025921117 0.0006137697 0.0011774728 0.002337215 0.0059139202 0.011800068 0.023837095 0.05841817 0.110391624
0.0001282784 0.00025921117 0.0006137697 0.0011774728 0.002337215 0.0059139202 0.011995986 0.024074087 0.058408067 0.111843154
0.00011340464 0.00020948159 0.0005032955 0.0009751592 0.0019390464 0.0046171704 0.009123538 0.019293493 0.043831352 0.0817686
0.0001184403 0.00022014951 0.0005371796 0.0010101603 0.0020753904 0.004850412 0.009640293 0.020379074 0.046939593 0.09465054
0.0001282784 0.0002472947 0.0005644189 0.0011208695 0.00219323 0.0052902275 0.011175435 0.022125846 0.052392337 0.10504755
0.0001282784 0.00025921117 0.0006137697 0.0011774728 0.002337215 0.0059139202 0.011981329 0.023884468 0.058100794 0.11345357
0.0001282784 0.00025921117 0.0006137697 0.0011774728 0.002337215 0.0059139202 0.011981329 0.02447136 0.05827879 0.110276185
0.00013387659 0.00025921117 0.0006185718 0.0012369804 0.0024840776 0.00619732 0.012110049 0.024257109 0.06009001 0.11356584
7.8228884e-05 8.611906e-05 0.00010226692 0.00012579888 0.0002087929 0.00045205158 0.0008576885 0.0020735227 0.005233164 0.008615722
0.00048271837 0.0009783641 0.0024539854 0.005456807 0.010143622 0.024146121 0.048518077 0.092151344 0.22063845 0.42628655
0.000562763 0.0011582505 0.0028340954 0.00621049 0.011960309 0.02907627 0.05819991 0.10962326 0.27417657 0.5231244
0.00048802432 0.0009783641 0.0024539854 0.005616078 0.010214164 0.024597544 0.04987997 0.094756864 0.23278558 0.44795668
7.8228884e-05 8.611906e-05 0.00010226692 9.853583e-05 0.00011719348 0.00014858933 0.00033404032 0.000794804 0.0020360562 0.0041091377
7.8228884e-05 0.0001267423 0.00025629558 0.00053781056 0.0010132415 0.0024495372 0.0048829983 0.0096999025 0.022198133 0.046097696
0.00040682295 0.000819755 0.0020541078 0.004320328 0.00835121 0.018284312 0.039877288 0.0798317 0.19406986 0.37895793
0.00035813477 0.000710833 0.0017615238 0.0034682846 0.007084321 0.016589526 0.035789467 0.070195615 0.1721879 0.32117218
0.00020271858 0.00041325385 0.0009852953 0.0020215434 0.00409574 0.009786662 0.01994449 0.039758533 0.09659821 0.18323584
0.0003492717 0.00065358775 0.0016446896 0.0033509636 0.006726732 0.01650586 0.033403635 0.06371121 0.14711511 0.2756516
0.00036152572 0.000710833 0.0018139654 0.0036290227 0.0071217343 0.01819989 0.036318637 0.071612924 0.18088923 0.3561694
0.00046216176 0.00093720865 0.0023454346 0.005372135 0.009733433 0.02449664 0.04838347 0.09278437 0.22526208 0.43620855
0.00046216176 0.00095173717 0.0023715186 0.004811174 0.009339187 0.023550624 0.046893347 0.09392348 0.22900885 0.435031
0.00045357642 0.00089316873 0.0022748273 0.0044860817 0.009088663 0.022998821 0.044850715 0.088372886 0.21975751 0.42238873
0.00020271858 0.00039343158 0.0009819889 0.0019707845 0.0039014167 0.009857531 0.019423328 0.037958685 0.09334467 0.17957546
0.00021593619 0.00042310325 0.0011138443 0.0021243144 0.004288878 0.011052068 0.021270256 0.042011898 0.10554816 0.19626659
0.00035813477 0.000710833 0.0017721253 0.0036290227 0.0071217343 0.017740978 0.035805933 0.07012173 0.1724336 0.3206006
0.00038472607 0.0007782639 0.0019577425 0.0039806953 0.0078050685 0.017492086 0.038229235 0.073126145 0.17585811 0.3386133
0.00036152572 0.000710833 0.0018139654 0.0036290227 0.0071217343 0.017805729 0.036195718 0.07137127 0.17410721 0.33129197
0.00048271837 0.0009783641 0.0024539854 0.005456807 0.010143622 0.024048416 0.049143557 0.09197106 0.22144768 0.42768422
0.00056607457 0.0011990836 0.003043715 0.0066716615 0.013069449 0.031326603 0.06335052 0.117606774 0.27784422 0.54670215
0.00048271837 0.0009660804 0.0024539854 0.0054347534 0.010143622 0.0237283 0.0483425 0.09022215 0.21514407 0.42161196
0.0005037204 0.0009943296 0.002576117 0.005778293 0.0105448505 0.026223183 0.05238387 0.10018299 0.24530843 0.47716984
0.000562763 0.0011365025 0.0028340954 0.005597162 0.011388719 0.028204076 0.055612314 0.110490665 0.27543432 0.5299904
0.0011374638 0.0022691116 0.005848548 0.012176133 0.023940394 0.059390176 0.11554664 0.22184397 0.50544566 0.83446616
0.0006617371 0.0012709791 0.0033110694 0.007377482 0.014169354 0.035045207 0.06896027 0.1260547 0.29875183 0.559557
0.00022618774 0.000444306 0.0010962484 0.0022336275 0.004396964 0.010821799 0.020895781 0.041639637 0.09222422 0.14873822
0.0005037204 0.0009943296 0.002576117 0.0057427324 0.0105448505 0.026092006 0.052147705 0.09738163 0.23058824 0.42527997
0.00043879406 0.0008907757 0.0022218758 0.004420891 0.00894774 0.022978714 0.044821676 0.08793693 0.21450949 0.41234493
0.00045357642 0.00089316873 0.0022748273 0.005132955 0.009250474 0.02182672 0.044769578 0.085514896 0.20185518 0.3930413
0.00020271858 0.00041325385 0.0010017583 0.0020215434 0.00409574 0.009844802 0.01990564 0.039738894 0.09624805 0.1859646
8.54095e-05 0.00014865982 0.00036434943 0.0006586512 0.0013208976 0.00316368 0.005620935 0.01260465 0.032801893 0.06484024
0.00030704326 0.0006185082 0.0015140262 0.0030591513 0.0059891692 0.0149128325 0.02987232 0.059342362 0.14114872 0.26222807
0.00030704326 0.0006185082 0.0015407468 0.0030885187 0.0061586485 0.015120524 0.030786883 0.061172683 0.15094994 0.29795077
0.00030704326 0.0006185082 0.0015407468 0.0030885187 0.0061655627 0.015120524 0.030884951 0.06154118 0.15064172 0.2966038
0.00036152572 0.00074586004 0.0018139654 0.0037081356 0.0074447943 0.01664376 0.03624339 0.07071771 0.17510779 0.3304101
0.00016030569 0.00032775363 0.0007798741 0.0014970541 0.0029796357 0.00740099 0.014462277 0.02981075 0.07388684 0.14338735
0.00018046585 0.0003525328 0.00088834093 0.0017215443 0.0034279134 0.00822097 0.016373914 0.033882935 0.08308887 0.1615306
0.00018604744 0.00037006452 0.0008921047 0.001781115 0.0037525953 0.009001167 0.017526362 0.03515792 0.087454095 0.16849132
0.00018046585 0.0003525328 0.00084835343 0.0017055204 0.0033224775 0.00822097 0.016310606 0.0334558 0.08190243 0.15926401
0.00025431224 0.0005138973 0.0012683272 0.0025411353 0.004936952 0.012482723 0.024469415 0.049439676 0.11473918 0.22711079
0.0002824012 0.00057242543 0.0014076966 0.0027505364 0.0055599734 0.013518292 0.026844734 0.053393994 0.1265641 0.25516602
7.8228884e-05 8.842789e-05 0.00018469736 0.0003004323 0.0006501975 0.0014890404 0.0027298874 0.0042511662 0.015897144 0.035457715
0.00056607457 0.001161407 0.00300012 0.0065043233 0.012468663 0.030781517 0.06106635 0.11439265 0.2802113 0.53175473
0.00028986155 0.0006185082 0.0014681823 0.0029334696 0.0059815287 0.014748291 0.02984311 0.057846416 0.13910525 0.26371384
7.8228884e-05 8.842789e-05 0.00011986279 0.00015276864 0.0002701227 0.00056115875 0.0012212147 0.0017950104 0.0041186432 0.009088303
0.00038472607 0.0007782639 0.0019704062 0.0039806953 0.007996739 0.017759785 0.038495343 0.07504381 0.1780744 0.3413115
7.8228884e-05 8.611906e-05 0.00010226692 9.853583e-05 0.00011719348 0.00011219866 0.00014955077 0.00019382898 7.154625e-05 0.00029762182
0.00056607457 0.0011967749 0.0030233054 0.0064821974 0.012202625 0.029706152 0.057774562 0.10569906 0.24339846 0.36273733
0.00020271858 0.00041325385 0.0010017583 0.0020215434 0.00409574 0.009945093 0.020074626 0.040811863 0.10034044 0.19898647
0.00019359025 0.00039343158 0.00095845264 0.0018782916 0.0037963125 0.009845728 0.019414617 0.038301907 0.0948993 0.18508789
0.00021593619 0.00041752562 0.0010567354 0.002117377 0.0041185054 0.010415404 0.021099754 0.04197605 0.103992045 0.20543985
0.00020271858 0.00041325385 0.0010507663 0.0021041 0.0041185054 0.010403601 0.02028025 0.04167232 0.101275146 0.2002781
0.00020833708 0.00041752562 0.0010567354 0.002117377 0.0041185054 0.010415404 0.021099754 0.04197605 0.1026964 0.20406377
0.00081260555 0.0015114256 0.0040604286 0.008926486 0.016659748 0.041152403 0.08008721 0.15225889 0.3593148 0.63187635
0.0004318239 0.0008907757 0.0022218758 0.00440962 0.00894774 0.021895852 0.043563005 0.08514428 0.20640521 0.3997678
0.00043879406 0.00089316873 0.0022319339 0.0044860817 0.009081743 0.02252191 0.044821676 0.088234454 0.21431212 0.4108341
0.0004318239 0.0008566828 0.0022218758 0.0044053886 0.0085266335 0.02156249 0.04332607 0.08431883 0.20462978 0.39380145
0.00048271837 0.0009783641 0.0024539854 0.005456807 0.010143622 0.023980958 0.049180873 0.09134723 0.21345145 0.40477815
0.0005306231 0.001069667 0.0026447233 0.0058600493 0.010899287 0.027143646 0.05345307 0.100967154 0.24812908 0.45109788
0.0009322014 0.0018542837 0.005001258 0.010704606 0.020408627 0.050725624 0.099104784 0.18536124 0.44939232 0.82898426
0.0009260242 0.001821967 0.0047301026 0.010108785 0.019709187 0.048362836 0.09519439 0.18140592 0.43676403 0.7833845
7.8228884e-05 8.611906e-05 0.00010226692 9.853583e-05 0.00011719348 0.00011793473 0.0001444849 0.00019382898 -0.00012703944 -0.00027392147
7.8228884e-05 8.611906e-05 0.00010226692 9.853583e-05 0.00011719348 0.00011793473 0.0001361246 2.8177108e-05 3.8762864e-05 -0.00019241312
0.0009946143 0.0019796886 0.005001258 0.010704606 0.020480104 0.051481243 0.100004464 0.18862651 0.45783958 0.8621525
7.8228884e-05 9.484424e-05 0.00016710156 0.0002906121 0.0005774739 0.0014132484 0.002630796 0.0059110816 0.014261565 0.029685225
7.8228884e-05 0.00013824987 0.0003019868 0.00062408653 0.0012698863 0.0027857448 0.005517159 0.011881599 0.029195048 0.057679087
0.0006944953 0.0013453258 0.0034929526 0.0075744167 0.014644191 0.035719153 0.07070214 0.1284958 0.29741314 0.5208669
0.00067189184 0.0013453258 0.0034929526 0.0075744167 0.014554621 0.035719153 0.07065864 0.12833051 0.2974937 0.5208669
0.0010776513 0.0020417352 0.005517426 0.011632147 0.022555718 0.055143904 0.10665522 0.20671724 0.4872197 0.8151613
0.0003492717 0.00068348314 0.0017615238 0.0034610801 0.006861237 0.017140033 0.03415427 0.06820188 0.16639759 0.31959707
7.8228884e-05 0.00013824987 0.00031772102 0.00062408653 0.0013162568 0.003144966 0.005699182 0.012200795 0.03159357 0.0641583
0.00046216176 0.00093203096 0.0022748273 0.0051409416 0.009402026 0.021905612 0.045768775 0.086673014 0.21251091 0.40533444
0.00033235794 0.00065358775 0.0016157296 0.0031750978 0.0065573514 0.016333828 0.032295797 0.06391623 0.15574373 0.29604158
0.00033235794 0.00065358775 0.0016446896 0.003333945 0.0066344985 0.016339622 0.033120543 0.06540789 0.15924653 0.3044598
0.0005306231 0.001069667 0.0026669977 0.0058600493 0.011236269 0.027552258 0.05501441 0.10350483 0.25564644 0.48790708
0.000562763 0.0010822157 0.0028340954 0.0060927374 0.011801485 0.028597595 0.05835956 0.10322258 0.25164032 0.44044322
0.00040682295 0.000819755 0.0020541078 0.004320328 0.008355711 0.019137718 0.040342335 0.07890914 0.19353199 0.36487055
0.00038472607 0.0007782639 0.0019704062 0.004013275 0.007996739 0.017759785 0.03839606 0.075728305 0.17532766 0.3327427
0.0006138498 0.0012638245 0.0031061806 0.0067710457 0.012966777 0.03081342 0.060503576 0.1072994 0.2528246 0.3774865
0.000562763 0.0011582505 0.0028340954 0.0063141184 0.011960309 0.029612204 0.058576692 0.11022869 0.27348548 0.52738154
0.0009260242 0.001821967 0.0047301026 0.010108785 0.01970278 0.048338108 0.09490198 0.18058865 0.42433202 0.77945864
0.000562763 0.0011559415 0.002813686 0.006063828 0.011694272 0.0279552 0.055502675 0.10262711 0.22699383 0.37011072
0.0006617371 0.0012678293 0.0032588688 0.0073616067 0.013469737 0.034265306 0.065618634 0.12434107 0.28685397 0.5168472
0.00038472607 0.0007782639 0.0019223662 0.0038289574 0.007742283 0.017511658 0.03873681 0.07334778 0.18275125 0.3570538
0.00038472607 0.0007782639 0.0019704062 0.004013275 0.007996739 0.017677465 0.038280293 0.07374792 0.17595334 0.337643
0.00024230398 0.0004706926 0.0012295367 0.0022751293 0.004685383 0.011652896 0.022858597 0.04488483 0.11060258 0.21089272
0.00074711756 0.0014594068 0.0036873524 0.008064098 0.015274944 0.037656456 0.07481597 0.14254457 0.34671277 0.6355799
0.0006944953 0.0013877545 0.0034929526 0.006891345 0.014012118 0.034588948 0.06768229 0.13556585 0.3299331 0.6044047
7.8228884e-05 8.611906e-05 0.00010226692 9.853583e-05 0.00011719348 0.00012428271 0.00015915351 0.00057776563 0.00064734305 0.0019037352
0.00079198607 0.0015538542 0.0040487 0.008823658 0.016543142 0.041233942 0.07917973 0.15079376 0.36137035 0.648964
7.8228884e-05 8.842789e-05 0.00011986279 0.00014700445 0.00025590233 0.0005176654 0.0014105345 0.0019143639 0.004005402 0.008128141
0.00056607457 0.0011990836 0.003043715 0.00662886 0.012468663 0.030723916 0.06064127 0.11131674 0.26804253 0.46783474
0.0006617371 0.0013134077 0.0032990414 0.0066785333 0.013526698 0.03304174 0.06630322 0.12911403 0.3114553 0.59461874
0.00038472607 0.0007782639 0.0020541078 0.004013275 0.007996739 0.018288068 0.03842787 0.07754519 0.19541417 0.3865618
0.00025431224 0.0005138973 0.0012683272 0.0025411353 0.004936952 0.012482723 0.024895981 0.048616953 0.114500895 0.21619621
0.00037408684 0.00074586004 0.0019014943 0.0037872167 0.0074447943 0.018363245 0.037426807 0.07400217 0.18176667 0.34817284
0.00040682295 0.00081207487 0.0020541078 0.00422067 0.00835121 0.018260658 0.03965615 0.07893431 0.18894345 0.3751481
0.00024230398 0.0004918475 0.0012334157 0.002418309 0.004685383 0.011866255 0.023936985 0.048310746 0.11819551 0.22671582
0.00022618774 0.00044661478 0.0011681069 0.002260597 0.004481342 0.011083081 0.021966089 0.045358427 0.106228255 0.20146497
0.00013387659 0.00026184175 0.00062582985 0.0012740033 0.0025059811 0.00618266 0.01269005 0.025033716 0.060729112 0.11580386
0.0001184403 0.00023045416 0.0005371796 0.0010572058 0.0020845195 0.005181617 0.010517867 0.021115648 0.05011553 0.100538045
0.0001282784 0.0002472947 0.0005644189 0.0011208695 0.00219323 0.0053058253 0.011175435 0.02225499 0.05210085 0.105555795
0.0001282784 0.0002472947 0.0005644189 0.0011208695 0.00219323 0.0055833505 0.011175435 0.02251148 0.054496694 0.10551502
0.00014307191 0.0002774755 0.00064856245 0.0012740033 0.002614212 0.0061971475 0.01272659 0.025375355 0.06079242 0.118500575
0.00035813477 0.000710833 0.0017721253 0.0036290227 0.0071217343 0.01784389 0.03585787 0.071091205 0.17652032 0.33813965
0.000110295114 0.00020350465 0.00047501034 0.00095441827 0.0019044863 0.004516179 0.009413592 0.0182395 0.045263324 0.085692
0.00056607457 0.0011990836 0.003043715 0.00662886 0.012468663 0.030723916 0.060714614 0.11237014 0.2662193 0.4647011
0.00021593619 0.00042310325 0.0011138443 0.0021243144 0.004288878 0.010979081 0.021591596 0.042202275 0.10207714 0.19433784
0.00016759725 0.00032775363 0.00078232883 0.0015732691 0.003107577 0.0077023315 0.01567481 0.030594636 0.07503779 0.14542949
0.0003888941 0.00081207487 0.0020541078 0.004062974 0.008250516 0.020248732 0.04067233 0.080276966 0.19728151 0.372542
0.00030704326 0.0006185082 0.0015407468 0.0030885187 0.0061655627 0.015120524 0.030820746 0.0612081 0.15206446 0.29354683
0.00048271837 0.0009783641 0.0024539854 0.004895846 0.00981644 0.024577357 0.048398655 0.09596703 0.23798165 0.45394894
0.0004109017 0.0008246239 0.0020991 0.004320328 0.008434263 0.019110307 0.04063444 0.08067884 0.1867553 0.3574362
0.00015389327 0.0002903543 0.000722316 0.0014006569 0.0028109208 0.0069359443 0.013532834 0.027308056 0.06773518 0.12744664
0.0001282784 0.00025921117 0.0006137697 0.0011774728 0.002337215 0.005627811 0.011354619 0.023665681 0.059488513 0.11488955
7.8228884e-05 8.611906e-05 0.00010226692 0.00010476414 -3.7760023e-05 0.00023793962 0.00019242695 0.000431753 0.00029614515 0.0023901004
0.0007056808 0.0013453258 0.003522142 0.008064098 0.015257194 0.037656456 0.07534654 0.13989285 0.3425663 0.5977208
0.00038472607 0.0007782639 0.0020541078 0.004013275 0.007896045 0.019754484 0.039177805 0.07854996 0.19192898 0.35235134
0.00020271858 0.00041325385 0.0009852953 0.0019707845 0.00409574 0.009789168 0.019998733 0.040046737 0.096093506 0.18674254
7.8228884e-05 8.611906e-05 0.00010709409 0.0001757666 0.0003457613 0.00072331197 0.001162896 0.00292271 0.0076118223 0.015315616
0.00038472607 0.0007759549 0.0019528097 0.0039443886 0.00791236 0.017250137 0.036091037 0.07299613 0.16477636 0.3038169
0.000562763 0.0010822157 0.0028233896 0.0060927374 0.011812069 0.028607147 0.056588866 0.10479209 0.2550965 0.45226994
0.0009322014 0.0018542837 0.005001258 0.010704606 0.020408627 0.05079851 0.09888813 0.18050672 0.43130723 0.7752092
7.8228884e-05 8.842789e-05 0.00018469736 0.0003004323 0.0006160032 0.0014375141 0.003149746 0.0054613636 0.013926608 0.029654806
0.00016030569 0.00030440843 0.00075700216 0.0014970541 0.0029571524 0.007374601 0.0145928385 0.02829774 0.07169049 0.13516106
0.00018046585 0.00037006452 0.00088834093 0.0017320203 0.0034279134 0.008549057 0.01773001 0.034145564 0.08576304 0.16416247
0.00091480446 0.0017022652 0.004403005 0.009163741 0.018198034 0.04505971 0.08827275 0.16620669 0.40463316 0.73765314
0.00078773254 0.0015146472 0.003808335 0.007821724 0.015864607 0.038428243 0.07554837 0.15209281 0.36222675 0.64560664
0.0003492717 0.00065358775 0.0016446896 0.0033509636 0.006726732 0.0165959 0.033135433 0.064747155 0.16023085 0.30511576
0.00030704326 0.0006185082 0.0015407468 0.0030885187 0.0061586485 0.015105004 0.030705906 0.060757842 0.15027556 0.28575078
0.00019359025 0.00039343158 0.0009819889 0.0019707845 0.0037963125 0.009845728 0.019414617 0.039458007 0.096656896 0.1870629
0.00019359025 0.00039343158 0.0009819889 0.0019707845 0.0037963125 0.009845728 0.01944455 0.039458007 0.09674504 0.18928838
0.00020271858 0.00041325385 0.0010017583 0.0020215434 0.00409574 0.009945093 0.020074626 0.040811863 0.10037709 0.20128046
0.00029266966 0.0006185082 0.0015140262 0.0029334696 0.0059815287 0.014894271 0.029972889 0.05937885 0.14709699 0.2825039
0.00028986155 0.00057242543 0.0014076966 0.0027505364 0.005742246 0.01391513 0.028495532 0.056430515 0.14015752 0.26784903
0.0011374638 0.0025126121 0.006212314 0.012454431 0.025775917 0.063483365 0.12219755 0.23562747 0.5372771 0.81386155
0.00015389327 0.0002903543 0.000722316 0.0013324396 0.0026721256 0.0070056915 0.014058081 0.027521484 0.068339 0.13251282
0.0002824012 0.00057242543 0.0014076966 0.0027505364 0.0055599734 0.013667778 0.027532231 0.0545884 0.13417315 0.25964147
0.00024230398 0.0004706926 0.0011794555 0.0022751293 0.004685383 0.011697399 0.023039814 0.04615724 0.112965524 0.2278342
0.00033235794 0.00064301223 0.0015407468 0.0031750978 0.006241848 0.015712313 0.032132838 0.06335904 0.15601604 0.295173
0.00025431224 0.000519654 0.0012883013 0.0025411353 0.00502225 0.012595398 0.025381451 0.050770305 0.12389957 0.24696016
0.00024230398 0.0004706926 0.0011794555 0.0022751293 0.004685383 0.011697399 0.023039814 0.046137583 0.11319785 0.22730982
0.00030704326 0.0006185082 0.0015407468 0.0030885187 0.0061586485 0.015105004 0.030860275 0.060757842 0.14996184 0.2870581
0.00032716352 0.0006185082 0.0015407468 0.0030885187 0.006241848 0.015852498 0.030879471 0.06116444 0.15008579 0.28939912
7.8228884e-05 8.611906e-05 0.00010226692 9.853583e-05 0.00011719348 0.00011793473 0.0001444849 0.00019382898 -0.00012805969 1.2826237e-05
7.8228884e-05 8.611906e-05 0.00010226692 9.853583e-05 0.00011719348 0.00011793473 -6.734873e-05 5.5007684e-05 -3.5249454e-05 0.0027301663
0.0004109017 0.00082679297 0.0020991 0.0045249136 0.008541153 0.019501425 0.0417264 0.08061679 0.19967318 0.39287716
0.00030704326 0.0006185082 0.0015140262 0.0030591513 0.0059891692 0.014758494 0.029536672 0.059803836 0.14781392 0.2795211
0.0009946143 0.0020417352 0.005164573 0.011140554 0.02177862 0.051963326 0.10264183 0.19744378 0.4525962 0.8120015
0.00018604744 0.00037006452 0.0008921047 0.001781115 0.0037525953 0.008982007 0.017914869 0.034828868 0.08447887 0.1591618
0.0005037204 0.0009943296 0.002576117 0.0057427324 0.0105448505 0.026092006 0.05264307 0.0959008 0.22548738 0.425174
0.0001282784 0.00024498592 0.0005468232 0.0010938998 0.002108852 0.0054046097 0.010710896 0.021771843 0.052560866 0.095188364
0.00037408684 0.00074586004 0.0019014943 0.0037872167 0.0074447943 0.018363245 0.03741569 0.074113496 0.18272126 0.3459099
0.00035813477 0.000710833 0.0017615238 0.0034682846 0.007084321 0.01784389 0.03580817 0.07069089 0.17743798 0.33418933
0.00038472607 0.0007782639 0.0019223662 0.0038289574 0.007742283 0.017525291 0.03874232 0.07494322 0.18373476 0.3644199
0.00074711756 0.0014722185 0.0037258116 0.008307072 0.015654257 0.03927821 0.07716771 0.1437831 0.34718186 0.63582146
0.0005347451 0.0010822157 0.002819025 0.0060927374 0.011801485 0.027698886 0.05679399 0.10653852 0.2616059 0.49329197
0.00019359025 0.00039343158 0.0009819889 0.0019707845 0.0037963125 0.009857531 0.019391628 0.03905183 0.09447077 0.17699525
0.00056607457 0.001161407 0.003043715 0.0065043233 0.012468663 0.030656457 0.06137077 0.11104631 0.25917146 0.45526907
0.00074711756 0.0014722185 0.003808335 0.008504794 0.015654257 0.039684244 0.07877259 0.1507323 0.35123777 0.623098
0.0005306231 0.0010732159 0.0027839271 0.0060927374 0.011236269 0.027743265 0.05593584 0.10358796 0.25347814 0.49062374
0.0008815965 0.0016598366 0.004339773 0.00951139 0.01826723 0.04547315 0.08707922 0.16458881 0.38196683 0.68603027
0.00046216176 0.00093203096 0.0022748273 0.0051409416 0.009405197 0.021911407 0.046226732 0.08860501 0.21501194 0.41667113
0.00015389327 0.0002903543 0.000722316 0.0013324396 0.0026721256 0.0068451427 0.013977073 0.027354067 0.0668905 0.1264131
0.00015389327 0.0002903543 0.000722316 0.0013324396 0.0026721256 0.0068451427 0.013977073 0.027155006 0.06719045 0.12157185
0.00016030569 0.00030440843 0.0007798741 0.0014970541 0.0029796357 0.007384811 0.014895286 0.02960616 0.07414337 0.14102532
0.0001282784 0.00025921117 0.0006137697 0.0011774728 0.002337215 0.0055969246 0.011317667 0.023511432 0.056943383 0.11186986
0.00016030569 0.00032775363 0.0007798741 0.0014970541 0.0029796357 0.0073796553 0.014928853 0.029519472 0.07584266 0.1397507
0.00013387659 0.00025921117 0.0006137697 0.0011774728 0.00236703 0.0058925864 0.011506024 0.023851426 0.05876543 0.11407186
0.00016030569 0.00030440843 0.00075700216 0.0014970541 0.0029571524 0.0073796553 0.014712825 0.028564533 0.07273072 0.1337716
0.00074711756 0.0015018354 0.0036873524 0.008064098 0.015342009 0.038796596 0.07509516 0.14404759 0.35390627 0.6361015
0.00030704326 0.0006185082 0.0015407468 0.0030885187 0.0061586485 0.014939452 0.030446066 0.059301212 0.14277726 0.27404663
0.00028986155 0.00057242543 0.0014076966 0.0028873074 0.005742246 0.0144519415 0.028230682 0.05472967 0.1320744 0.25347003
0.000562763 0.0011582505 0.0028340954 0.00621049 0.011960309 0.028916022 0.058708407 0.10621392 0.24990878 0.44824797
0.0005037204 0.0009943296 0.002576117 0.005181772 0.0102176685 0.026243981 0.05160285 0.1024839 0.25366026 0.48896894
0.00019359025 0.00038360778 0.0009368079 0.0018710956 0.0037525953 0.009212269 0.017434936 0.035820957 0.08822872 0.17035937
0.00046216176 0.0009660804 0.0023715186 0.005372135 0.009666367 0.0237283 0.048180077 0.091900274 0.21794766 0.4133035
0.00024230398 0.0004918475 0.0012334157 0.002536471 0.004936952 0.0124917915 0.025150249 0.048664086 0.117451295 0.2275074
0.00030704326 0.0006185082 0.0015407468 0.0030885187 0.0061586485 0.015120524 0.030837173 0.06158207 0.15189102 0.2965176
0.00043879406 0.0008907757 0.0022218758 0.00440962 0.00894774 0.021895852 0.043619186 0.08690119 0.21384504 0.40590075
0.00028986155 0.0006185082 0.0014681823 0.0028873074 0.005742246 0.014466803 0.02854764 0.05871253 0.14196867 0.2718529
0.00038472607 0.0007782639 0.0019577425 0.0038289574 0.007742283 0.017502429 0.038231142 0.074831024 0.17715232 0.3490557
0.00020271858 0.00041325385 0.0010017583 0.0020215434 0.00409574 0.009945093 0.020074626 0.0408578 0.09940074 0.1973055
0.0005306231 0.001069667 0.0026669977 0.0058600493 0.011236269 0.027514 0.055108435 0.103743814 0.25905675 0.4941452
0.0007056808 0.0013453258 0.003522142 0.008064098 0.015257194 0.037574917 0.074434265 0.13605447 0.3243132 0.5704627
0.00074711756 0.0014686078 0.0036873524 0.008064098 0.015274944 0.037574917 0.074476406 0.13928856 0.33190408 0.591295
0.00079198607 0.0014950741 0.003808335 0.008504794 0.016514467 0.04105176 0.079174645 0.14592439 0.34348783 0.60471123
0.0007056808 0.0014296485 0.0036873524 0.008064098 0.015274944 0.037574917 0.074476406 0.13952923 0.33300337 0.5955261
0.0036435302 0.007060544 0.017288592 0.034467924 0.06485826 0.14916849 0.25820082 0.4711191 0.8338095 1.2633194
0.00067189184 0.0012709791 0.0033110694 0.007527331 0.01415877 0.03519421 0.06976868 0.13070562 0.32014117 0.58644485
0.0006435375 0.0012460811 0.0032286576 0.0069964365 0.013398117 0.033125795 0.064596 0.12067976 0.30151087 0.5857171
0.0006944953 0.0013877545 0.0034929526 0.006891345 0.014012118 0.034765106 0.067685954 0.13505311 0.32750842 0.6042205
0.00067189184 0.0013134077 0.0033110694 0.007527331 0.014225836 0.03662495 0.07034746 0.13274248 0.32123324 0.6013641
0.00081260555 0.0016870435 0.0040988754 0.008968008 0.018228244 0.046498597 0.085026756 0.16237144 0.3943658 0.7217191
0.0007056808 0.0014296485 0.003522142 0.008064098 0.015257194 0.03758357 0.074670434 0.1380362 0.33693483 0.59741616
0.0006617371 0.0013102579 0.0032588688 0.0066785333 0.012837664 0.03302995 0.06371954 0.12750478 0.31504542 0.5938766
0.00074711756 0.0015110364 0.0036873524 0.007415189 0.014642869 0.036400452 0.072252214 0.14388768 0.35167533 0.63619834
0.00016759725 0.00034437858 0.00084835343 0.0016306797 0.003260373 0.008653424 0.015976222 0.031722818 0.07852697 0.15319192
0.00018604744 0.00037006452 0.0008921047 0.001781115 0.0037525953 0.009143019 0.017941002 0.035178725 0.08717963 0.17203023
0.0006617371 0.0012709791 0.0032588688 0.0073616067 0.013469737 0.03431256 0.068035126 0.12649488 0.3135183 0.59052664
0.00019359025 0.00039343158 0.0009819889 0.0019707845 0.0037963125 0.009845728 0.019414617 0.039458007 0.096656896 0.1893801
0.0005037204 0.0009920206 0.0025557075 0.005672631 0.010438338 0.025385696 0.050091922 0.09282371 0.20500486 0.3485624
0.00038472607 0.0007782639 0.0019577425 0.0038289574 0.0078093493 0.01936529 0.0388259 0.07672195 0.19107287 0.36663705
0.00038269415 0.00075873773 0.0019223662 0.0038289574 0.0078093493 0.019357452 0.0387942 0.07649814 0.18928769 0.36221945
0.0005037204 0.0009920206 0.0025557075 0.005672631 0.010438338 0.025385696 0.049486328 0.09173031 0.20416851 0.33909357
0.000562763 0.0011590982 0.0029797105 0.006357661 0.012043702 0.029538406 0.05723029 0.10441521 0.24010065 0.36820522
0.00036152572 0.000710833 0.0017721253 0.0036290227 0.0071217343 0.017993672 0.035834074 0.070997395 0.1744058 0.33555272
0.00037408684 0.00074586004 0.0019014943 0.0037081356 0.0074447943 0.018360319 0.037475497 0.07422862 0.1796963 0.34727117
0.00091480446 0.0016598366 0.004403005 0.009846811 0.018830108 0.04620317 0.091546565 0.1650964 0.40337184 0.7062616
0.00046216176 0.00093720865 0.0023454346 0.005372135 0.009666367 0.023038892 0.048074283 0.09204919 0.22416237 0.43970242
0.00016759725 0.00034437858 0.00084835343 0.0016306797 0.003260373 0.008193196 0.01590249 0.031043265 0.07568133 0.14071514
0.00024230398 0.00044661478 0.0011681069 0.0022751293 0.0045402166 0.011551304 0.022767862 0.0447659 0.10504365 0.20490539
0.0005306231 0.001069667 0.0026669977 0.0058600493 0.011236269 0.027382823 0.055503238 0.100181505 0.23403221 0.4316882
7.8228884e-05 0.00012443347 0.00028000228 0.00054182654 0.001029101 0.0024394866 0.0047758 0.010083555 0.025542054 0.048157483
0.00016759725 0.00032775363 0.00078232883 0.0015732691 0.003107577 0.007860878 0.015116738 0.03162671 0.07554423 0.14680217
0.00020271858 0.00041325385 0.0010017583 0.0020215434 0.0041185054 0.009945093 0.02028025 0.040918287 0.10023256 0.19936985
0.00020271858 0.00041325385 0.0010507663 0.002101544 0.0041185054 0.010403601 0.02028025 0.041408293 0.101518415 0.19939305
0.00079198607 0.0015491722 0.0040487 0.008140587 0.016688928 0.03983747 0.077508785 0.15412873 0.36305845 0.66622
0.00025431224 0.0005138973 0.0012683272 0.0025411353 0.00502225 0.012424348 0.024621036 0.048796996 0.11462864 0.2253674
0.00026490883 0.000519654 0.0013517991 0.0026309532 0.005269818 0.013002183 0.02586275 0.05140114 0.12316612 0.2356638
0.0002824012 0.00057242543 0.0014076966 0.0027505364 0.0055599734 0.013512246 0.02682181 0.053308677 0.12858823 0.2491893
0.00033235794 0.00065358775 0.0016157296 0.0031750978 0.0065573514 0.015690507 0.031622067 0.06241834 0.14795367 0.2818315
0.00024230398 0.0004918475 0.0012683272 0.002536471 0.004936952 0.012476677 0.024498474 0.048048828 0.11356528 0.22267057
0.00081260555 0.0015538542 0.00409282 0.008243415 0.01646271 0.040807772 0.08074999 0.15445015 0.3714181 0.670288
0.00079198607 0.0015491722 0.0040487 0.007821724 0.015882393 0.03983747 0.076387644 0.15209506 0.367038 0.6640456
0.0006944953 0.0013877545 0.003522142 0.0069883782 0.014063762 0.03591942 0.06939584 0.13759227 0.33017546 0.59336495
0.0004109017 0.0008246239 0.0020991 0.004069631 0.008333569 0.021105006 0.04140312 0.083849594 0.20378281 0.38763997
0.0007056808 0.0013453258 0.003522142 0.008064098 0.015257194 0.0376092 0.07435364 0.13812497 0.3285332 0.5938448
0.00038269415 0.0007782639 0.0019223662 0.0038289574 0.007742283 0.017431883 0.03849252 0.072289184 0.17108479 0.32576576
0.00045357642 0.00089316873 0.0022748273 0.005047042 0.009189357 0.02182672 0.04479219 0.08586325 0.20280418 0.3962546
0.00078773254 0.0014722185 0.003808335 0.008504794 0.01649668 0.03963699 0.07826908 0.14909868 0.3473859 0.6278173
7.8228884e-05 8.611906e-05 0.000105683706 0.00013202721 0.00021973603 0.00030233013 0.001085449 0.0009103318 0.002016576 0.00287786
7.8228884e-05 8.611906e-05 0.00010226692 0.000114876326 0.0001380468 0.00024067599 0.00050731347 0.00044627392 0.0003919929 0.0014621379
0.00033235794 0.00065358775 0.0016446896 0.003333945 0.0065621934 0.01631676 0.032043118 0.06400041 0.15412536 0.29085535
0.00033235794 0.00064301223 0.0015407468 0.0031750978 0.006241848 0.015868023 0.03216917 0.06408227 0.15628475 0.30636078
0.00078773254 0.0014950741 0.003808335 0.008504794 0.01649668 0.03963699 0.078198984 0.1495424 0.34927222 0.6273751
0.00026490883 0.00055375416 0.0013517991 0.002739363 0.005294225 0.013653916 0.027300136 0.054386683 0.13409896 0.26462322
0.0004318239 0.0008907757 0.0022218758 0.00440962 0.0085266335 0.021881122 0.04367702 0.08644357 0.21185239 0.42178562
0.00025431224 0.0005173452 0.0012707056 0.0025141658 0.004937872 0.012242109 0.024358755 0.04773342 0.112651035 0.2215393
0.0005037204 0.0010428012 0.0026354739 0.0058091413 0.010709044 0.026092006 0.05264913 0.096507326 0.2215826 0.4196642
0.00038472607 0.0007782639 0.0019704062 0.0039806953 0.007896045 0.019754484 0.039346624 0.07841986 0.19018555 0.3474392
0.0013626665 0.0026657 0.006997156 0.014348098 0.027440926 0.06768546 0.1281474 0.24912533 0.5446353 0.8383032
0.00081260555 0.0015538542 0.0040604286 0.008243415 0.016638767 0.040015627 0.078717776 0.15604785 0.36997917 0.672243
0.00028986155 0.00057872204 0.0014681823 0.0028873074 0.005742246 0.0146225095 0.028592484 0.058064047 0.14241554 0.27978113
0.0036435302 0.00731221 0.017808221 0.03650927 0.0723754 0.17389673 0.3255812 0.590218 1.1117837 1.6869377
0.0003888941 0.0007782639 0.0020541078 0.0040501663 0.007896045 0.020248732 0.04067233 0.07962818 0.19602497 0.37522137
0.0012186153 0.0024575612 0.006212314 0.01245568 0.025847394 0.0625168 0.1215026 0.23606123 0.5402484 0.89021957
0.00030704326 0.0006185082 0.0015407468 0.0030885187 0.0061586485 0.0149143115 0.030384082 0.059147507 0.1398743 0.25757763
0.00048271837 0.0009783641 0.0024539854 0.005456807 0.010210687 0.025639696 0.0498629 0.09594065 0.23484173 0.45065135
0.00043879406 0.0008907757 0.0022218758 0.004420891 0.00894774 0.02191596 0.044208556 0.08818017 0.21833399 0.424086
0.0006944953 0.0013453258 0.0034929526 0.0076873247 0.014654774 0.037053026 0.070523195 0.13007538 0.3093067 0.5214882
0.00067189184 0.0012709791 0.0033110694 0.007543206 0.014169354 0.035045207 0.069360726 0.12719478 0.305422 0.548372
0.00033235794 0.00065358775 0.0016446896 0.0031750978 0.0065573514 0.016314255 0.031945717 0.06333974 0.15112485 0.28824157
0.00028986155 0.0006185082 0.0014681823 0.0028873074 0.005742246 0.01446101 0.028404828 0.057649642 0.14022069 0.26588508
0.0002824012 0.00057242543 0.0014076966 0.0027505364 0.0055599734 0.014107921 0.027526312 0.05527126 0.13336873 0.26261526
0.00025431224 0.000519654 0.0012883013 0.0025411353 0.00502225 0.012579645 0.025334917 0.04966638 0.12102989 0.23186447
0.00022618774 0.00044661478 0.0011681069 0.002260597 0.004481342 0.011067562 0.022000458 0.04482698 0.106285825 0.20365372
0.00045357642 0.00089316873 0.0022748273 0.005132955 0.009250474 0.021927075 0.045849755 0.08825353 0.21416344 0.40625423
0.00030704326 0.0006185082 0.0015407468 0.0030591513 0.0061586485 0.014959025 0.030137632 0.060035408 0.14435185 0.27514437
7.8228884e-05 0.0001267423 0.00028459678 0.0005421524 0.001114967 0.002406044 0.005111699 0.009980127 0.025318032 0.05038407
0.0004109017 0.00082679297 0.0021041194 0.0042742165 0.008440459 0.021173831 0.042487238 0.08450779 0.20672639 0.40404695
0.00018046585 0.0003525328 0.00084835343 0.0017169128 0.0034279134 0.008372123 0.016847571 0.03371871 0.08368055 0.16028944
0.000562763 0.0011582505 0.0028340954 0.00621049 0.011960309 0.029085457 0.05821486 0.10917639 0.27250433 0.52922714
0.00038472607 0.0007782639 0.0019704062 0.004013275 0.007996739 0.01779299 0.038826387 0.07786815 0.1855985 0.36740226
0.00038472607 0.0007782639 0.0019704062 0.004013275 0.007996739 0.01779299 0.038826387 0.07786815 0.1855985 0.36740226
0.00018046585 0.0003525328 0.00084835343 0.0017055204 0.0033224775 0.008202748 0.01680346 0.03295486 0.08064472 0.15667261
0.0005306231 0.001069667 0.0026669977 0.0058600493 0.011236269 0.027382823 0.0554322 0.09839529 0.23264988 0.42701232
0.00028986155 0.0006185082 0.0015140262 0.0029334696 0.0059815287 0.014723625 0.029215053 0.056777008 0.13502425 0.2566567
0.000110295114 0.00020581346 0.00048919104 0.00096783956 0.0018353219 0.0045587346 0.008998377 0.018274996 0.04486062 0.088839255
0.00032716352 0.0006185082 0.0015407468 0.0030885187 0.006241848 0.015852498 0.030823288 0.061753485 0.15366124 0.2934514
0.0004318239 0.0008566828 0.0022218758 0.00440962 0.0085266335 0.021892926 0.043657243 0.0866077 0.2124448 0.41398707
0.00048271837 0.0009783641 0.0024539854 0.005456807 0.010143622 0.02420372 0.049466245 0.094251044 0.22882652 0.4409804
0.0006138498 0.0012661335 0.0032286576 0.0069964365 0.013232815 0.033125795 0.064596 0.12132476 0.3017828 0.57830477
0.0006138498 0.0012638245 0.0031052674 0.006627652 0.012895356 0.030548848 0.060862094 0.11103499 0.24919398 0.4251597
0.00022618774 0.00044661478 0.0011681069 0.002260597 0.004481342 0.010994496 0.021290092 0.044009347 0.102368936 0.20186041
0.0006944953 0.0013453258 0.0034929526 0.00767145 0.014644191 0.03720203 0.070505664 0.1347654 0.32473803 0.6051768
0.00028986155 0.00057872204 0.0014681823 0.0028873074 0.005742246 0.0146225095 0.028530238 0.057122406 0.14039229 0.27538547
0.00020271858 0.00039343158 0.0009819889 0.0019707845 0.00409574 0.009771063 0.019600734 0.038014784 0.09386501 0.17281868
0.0005719356 0.0012661335 0.0031199828 0.006884223 0.013069449 0.032130428 0.0632589 0.11628173 0.2792259 0.4990558
0.0009260242 0.0016598366 0.0046637272 0.009846811 0.018830108 0.04615471 0.090364814 0.16191326 0.39015993 0.6874953
7.8228884e-05 0.0001267423 0.00029759805 0.00056879624 0.0011134787 0.002603567 0.0054831705 0.010591622 0.026298014 0.05382671
0.0003492717 0.00068348314 0.0017135087 0.003439525 0.006861237 0.017023506 0.03414516 0.0672294 0.16475458 0.31241825
0.000562763 0.0011582505 0.0028340954 0.0057007903 0.011445287 0.02811174 0.056275565 0.11053033 0.26723087 0.52848756
0.00013387659 0.00025921117 0.00062582985 0.0012369804 0.0024840776 0.0061858157 0.011847407 0.024202343 0.059214797 0.11200386
0.0003492717 0.00068348314 0.0017615238 0.0034610801 0.006861237 0.01697443 0.034247622 0.067832895 0.16582166 0.31048182
0.0003492717 0.00068348314 0.0017135087 0.0033509636 0.006726732 0.016970422 0.033765662 0.066883564 0.16700642 0.32116452
0.00019359025 0.00037006452 0.0009368079 0.0018710956 0.0037525953 0.009096602 0.018327072 0.036669876 0.089183144 0.17653579
7.8228884e-05 8.611906e-05 0.0001351724 0.00022072514 0.0003795202 0.00089406344 0.0018243926 0.0037957965 0.009350711 0.019165512
0.00028986155 0.0006185082 0.0014681823 0.0029334696 0.0059815287 0.014909791 0.029989513 0.058848742 0.14380062 0.27970165
0.00026490883 0.000519654 0.0013517991 0.0026309532 0.005269818 0.013066371 0.026506303 0.052167907 0.12579957 0.24262623
0.00024230398 0.0004706926 0.0011794555 0.0022751293 0.004685383 0.011608813 0.022716854 0.044203393 0.103878565 0.19653349
0.00021593619 0.00041752562 0.0010567354 0.002117377 0.0041185054 0.010342417 0.02079846 0.041196227 0.10097607 0.1920351
7.8228884e-05 8.611906e-05 0.00010226692 9.853583e-05 0.00011719348 0.00011793473 0.0001444849 0.000121617195 -8.929145e-05 -6.144338e-05
0.00067189184 0.0012709791 0.0034929526 0.007527331 0.014301986 0.035146955 0.070288286 0.1314985 0.3041792 0.57776725
0.0005306231 0.001069667 0.0026447233 0.0058600493 0.010899287 0.027133303 0.053449806 0.09950547 0.24210043 0.43652105
0.00048802432 0.0009783641 0.0024539854 0.005456807 0.010143622 0.02420372 0.049554616 0.09326442 0.23087788 0.44283557
0.0010839931 0.0021198858 0.00554338 0.011551193 0.022484241 0.05580157 0.10702303 0.20355357 0.43814728 0.7486764
0.00040682295 0.000819755 0.0020541078 0.004069631 0.008255017 0.02112804 0.040699482 0.08124214 0.20011444 0.37853685
0.0009946143 0.00197738 0.005144163 0.010968891 0.021759672 0.049616586 0.09406708 0.18260053 0.36953244 0.5948588
0.0003492717 0.0006512789 0.0016270941 0.0033239939 0.0066423547 0.016296117 0.031863928 0.061228555 0.13508964 0.21457838
0.00038472607 0.0007782639 0.0019577425 0.0039806953 0.007874605 0.01936529 0.0388259 0.07672195 0.19107287 0.36799088
0.0003492717 0.00068348314 0.0017615238 0.0034610801 0.006861237 0.017140033 0.03415427 0.06889014 0.16406313 0.32346392
0.00048271837 0.00097605423 0.002433576 0.0053867055 0.010044138 0.023110446 0.0469903 0.086047806 0.19385289 0.34094608
7.8228884e-05 9.484424e-05 0.00016710156 0.0002906121 0.0005774739 0.0014132484 0.0028297524 0.00595654 0.014439472 0.030400872
0.00024230398 0.0004918475 0.0012334157 0.002536471 0.004936952 0.012555711 0.025211554 0.04939829 0.12041988 0.23540498
0.0017680117 0.0034597667 0.0089527005 0.018514987 0.036145486 0.08600701 0.15378022 0.27694416 0.56239545 0.7679756
0.00024230398 0.0004918475 0.0012334157 0.002418309 0.004685383 0.011793267 0.02381332 0.046531904 0.112070255 0.21124996
0.00021593619 0.00044661478 0.0011138443 0.002223027 0.004481342 0.011052068 0.021760965 0.04219542 0.10225649 0.19426662
0.00020271858 0.00039343158 0.0009819889 0.0019707845 0.00409574 0.009941376 0.019433105 0.03813091 0.09529604 0.18248571
7.8228884e-05 8.611906e-05 0.00010226692 9.853583e-05 0.00011719348 0.00013078841 0.00026206917 0.0005253197 0.001518706 0.0031936532
7.8228884e-05 8.611906e-05 0.00010226692 9.853583e-05 0.00011719348 0.00011793473 0.00015097471 0.00021049604 0.00064174604 0.0016860686
0.00024230398 0.0004918475 0.0012334157 0.002418309 0.004685383 0.011850501 0.022921007 0.04646491 0.11742696 0.22208068
0.0005306231 0.001069667 0.0026669977 0.0058600493 0.011236269 0.027507879 0.054979995 0.10324083 0.253954 0.48400488
0.00032716352 0.0006185082 0.0015407468 0.0031693878 0.006241848 0.015868023 0.030733587 0.06314688 0.153396 0.29829878
0.00032716352 0.0006185082 0.0015407468 0.0031693878 0.006241848 0.015868023 0.032101255 0.06282431 0.15231809 0.29461673
0.00020833708 0.00041752562 0.0010567354 0.002117377 0.0041185054 0.010399885 0.02001196 0.040228233 0.10226791 0.20111921
